-38.408641,-12.140400,1,40,2,126
-38.965271,-12.189517,1,40,2,1
-38.485308,-12.991199,1,40,1,91
-38.965104,-12.224348,1,40,1,352
-38.965208,-12.224348,1,40,1,172
-38.452064,-12.862932,1,40,2,327
-38.404657,-12.902403,1,40,1,45
-38.444293,-12.907810,1,50,1,248
-38.952755,-12.226533,1,50,1,17
-38.952894,-12.226391,1,50,1,197
-38.963819,-12.233227,1,50,1,171
-38.953135,-12.264661,1,50,1,15
-38.953189,-12.264558,1,50,1,195
-38.954752,-12.270232,1,50,1,196
-38.954794,-12.270789,1,50,1,16
-38.383314,-12.334497,1,50,0,20
-38.382866,-12.381743,1,50,2,168
-38.372874,-12.308408,1,50,2,29
-38.385113,-12.926381,1,60,1,236
-38.385921,-12.928321,1,60,1,51
-38.496939,-12.985914,1,60,1,2
-38.433019,-12.946614,1,60,1,211
-38.433654,-12.951475,1,60,1,144
-38.343872,-12.690652,1,60,1,321
-38.503973,-12.973107,1,60,1,152
-38.431842,-12.958556,1,60,1,218
-38.444250,-12.970105,1,60,1,239
-38.402182,-12.938015,1,60,1,81
-38.898834,-12.295038,1,60,1,358
-38.902513,-12.273012,1,60,1,324
-38.427765,-12.943465,1,60,1,264
-38.426605,-12.948297,1,60,1,305
-38.310437,-12.451816,1,60,0,39
-38.307644,-12.533999,1,60,1,4
-38.756073,-12.336331,1,60,2,50
-38.745003,-12.327286,1,60,2,46
-38.788971,-12.354996,1,60,2,94
-38.406506,-12.156055,1,60,2,54
-38.398088,-12.150172,1,60,2,55
-38.389183,-12.113545,1,60,1,52
-38.292508,-12.863876,1,60,1,36
-38.292607,-12.863807,1,60,1,215
-38.492008,-12.935946,1,60,1,33
-38.491775,-12.935517,1,60,1,215
-38.326743,-12.896579,1,60,1,24
-38.416132,-12.197348,1,60,2,160
-38.331409,-12.901394,1,60,1,40
-38.420075,-12.154431,1,60,1,153
-38.470367,-12.845289,1,60,1,92
-38.470265,-12.845179,1,60,1,257
-38.964704,-12.152356,1,60,2,1
-38.977898,-12.555065,1,60,0,172
-38.912198,-12.429724,1,60,2,32
-38.970588,-12.519123,1,60,1,20
-38.970725,-12.518839,1,60,1,200
-38.975378,-12.569532,1,60,2,45
-38.340949,-12.903408,1,60,1,86
-38.340256,-12.903252,1,60,1,266
-38.477970,-12.907011,1,60,1,16
-38.478043,-12.906965,1,60,1,196
-38.870866,-12.321206,1,60,1,308
-38.942218,-12.267369,1,60,1,128
-38.874815,-12.318341,1,60,1,127
-38.805206,-12.375692,1,60,1,128
-38.895858,-12.302290,1,60,1,308
-38.902320,-12.297522,1,60,1,128
-38.862240,-12.358435,1,60,2,36
-38.941871,-12.267380,1,60,1,308
-38.959203,-12.259976,1,60,1,91
-38.468724,-12.843839,1,60,1,200
-38.852585,-12.354288,1,60,1,290
-38.852612,-12.354332,1,60,1,110
-38.955038,-12.263502,1,60,1,181
-38.443384,-12.971014,1,60,1,60
-38.357076,-12.929180,1,60,1,192
-38.357653,-12.932340,1,60,1,16
-38.939739,-12.256120,1,60,1,92
-38.468636,-12.843765,1,60,1,21
-38.305364,-12.873769,1,60,1,47
-38.478902,-12.878313,1,60,1,34
-38.480538,-12.918310,1,60,1,176
-38.503677,-12.967479,1,60,1,8
-38.343969,-12.934988,1,60,1,336
-38.459329,-12.961877,1,70,1,320
-38.384407,-12.946910,1,70,1,0
-38.407296,-12.954240,1,70,1,8
-38.385866,-12.942968,1,70,1,180
-38.438309,-12.991272,1,70,1,220
-38.385501,-12.936988,1,70,1,19
-38.482059,-12.982031,1,70,1,16
-38.458825,-12.963707,1,70,1,162
-38.480735,-12.978850,1,70,1,220
-38.454375,-12.967423,1,70,1,309
-38.382609,-12.954088,1,70,1,259
-38.438209,-12.991278,1,70,1,40
-38.496124,-12.980939,1,70,1,134
-38.359553,-12.922027,1,80,1,79
-38.357176,-12.920864,1,80,1,259
-38.448473,-12.972684,1,80,1,239
-38.346042,-12.808801,1,80,1,9
-38.383328,-12.829735,1,80,1,123
-38.418979,-12.942792,1,80,1,35
-38.361984,-12.854751,1,80,1,25
-38.383277,-12.829663,1,80,1,305
-38.307679,-12.533959,1,80,1,184
-38.348122,-12.635003,1,80,2,25
-38.354283,-12.647871,1,80,1,25
-38.354421,-12.647872,1,80,1,205
-38.386055,-12.928145,1,80,1,51
-38.471459,-12.955505,1,80,1,189
-38.434585,-12.963145,1,80,1,39
-38.447057,-12.893389,1,80,1,212
-38.469710,-12.929654,1,80,1,224
-38.459322,-12.911874,1,80,1,204
-38.458279,-12.909964,1,80,1,25
-38.465873,-12.919995,1,80,1,43
-38.408270,-12.938739,1,80,1,81
-38.386941,-12.927985,1,80,1,230
-38.436730,-12.964537,1,80,1,219
-38.362121,-12.854751,1,80,1,207
-38.408449,-12.938059,1,80,1,261
-38.447856,-12.972938,1,80,1,64
-38.566194,-12.557041,1,100,1,307
-38.419112,-12.851342,1,100,1,200
-38.478136,-12.635775,1,100,1,165
-38.426709,-12.870911,1,100,1,211
-38.426839,-12.871329,1,100,1,31
-38.404727,-12.902373,5,40,1,225
-38.447738,-12.907761,5,50,1,293
-38.503942,-12.972595,5,60,1,337
-38.450095,-12.723766,5,60,1,345
-38.450223,-12.723755,5,60,1,165
-38.495411,-12.981455,5,70,1,317
-38.981357,-12.277910,5,80,1,318
-38.970434,-12.041878,5,80,1,178
-38.454948,-12.712407,5,80,1,309
-38.455050,-12.712476,5,80,1,125
-38.477004,-12.903605,3,0,1,196
-38.476949,-12.903702,3,0,1,16
-38.973210,-12.257221,3,0,1,328
-38.435497,-12.939262,3,0,1,309
-38.435862,-12.939026,3,0,1,128
-38.533244,-12.665695,3,0,1,250
-38.973559,-12.256872,2,40,1,141
-38.354614,-12.956006,2,40,1,119
-38.336022,-12.940752,2,50,1,40
-38.335883,-12.940585,2,50,1,222
-38.503088,-12.925977,2,50,1,14
-38.503052,-12.925721,2,50,1,193
-38.464789,-12.957168,2,50,2,40
-38.443211,-12.981628,2,50,1,235
-38.447936,-12.992597,2,50,1,4
-38.970397,-12.254328,2,50,1,282
-38.948959,-12.249374,2,50,1,193
-38.955153,-12.255668,2,50,1,92
-38.960753,-12.250794,2,50,1,79
-38.963548,-12.238581,2,50,1,2
-38.963548,-12.238262,2,50,1,182
-38.947966,-12.245896,2,50,1,14
-38.443625,-12.981756,2,50,1,110
-38.454231,-12.957560,2,50,1,307
-38.471184,-12.961773,2,50,2,35
-38.454349,-12.957567,2,50,1,135
-38.430597,-12.928957,2,60,1,155
-38.430487,-12.928979,2,60,1,328
-38.478482,-12.861439,2,60,1,6
-38.470086,-12.943797,2,60,1,20
-38.365880,-12.944588,2,60,1,23
-38.470752,-12.944467,2,60,1,182
-38.365928,-12.944470,2,60,1,204
-38.483640,-12.887369,2,60,1,160
-38.483514,-12.887440,2,60,1,330
-38.480169,-12.914155,2,60,1,16
-38.484825,-12.925286,2,60,1,27
-38.954482,-12.249554,2,60,1,183
-38.965531,-12.211334,2,60,1,0
-38.965633,-12.211331,2,60,1,180
-38.508904,-12.967437,2,60,1,34
-38.504404,-12.980950,2,60,1,230
-38.356832,-12.928386,2,60,1,11
-38.478811,-12.963158,2,60,1,22
-38.478785,-12.962600,2,60,1,219
-38.448256,-12.992512,2,60,1,202
-38.975419,-12.262983,2,60,1,246
-38.319079,-12.885890,2,60,1,227
-38.318979,-12.886124,2,60,1,49
-38.324717,-12.892318,2,60,1,40
-38.481741,-12.922486,2,60,1,223
-38.477175,-12.898092,2,60,1,323
-38.477500,-12.897796,2,60,1,143
-38.496098,-12.994610,2,60,1,204
-38.435142,-12.969059,2,60,1,268
-38.506559,-12.961179,2,60,1,213
-38.501064,-12.949605,2,60,1,345
-38.493077,-12.997325,2,60,1,119
-38.501529,-12.941777,2,60,1,142
-38.501338,-12.949547,2,60,1,168
-38.492799,-12.997132,2,60,1,295
-38.496090,-12.994772,2,60,1,24
-38.509316,-12.965985,2,60,1,208
-38.396338,-12.960777,2,70,1,62
-38.403871,-12.962539,2,70,1,127
-38.407753,-12.952707,2,70,1,146
-38.463913,-12.997166,2,70,1,294
-38.433473,-12.982933,2,70,1,231
-38.450235,-12.987288,2,70,1,305
-38.443962,-12.997298,2,70,1,246
-38.396604,-12.960226,2,70,1,235
-38.450479,-12.987271,2,70,1,126
-38.414929,-12.945493,2,70,1,128
-38.387311,-12.955997,2,70,1,64
-38.440539,-12.993898,2,70,1,220
-38.464222,-12.997177,2,70,1,105
-38.387279,-12.955881,2,70,1,241
-38.379815,-12.953479,2,70,1,73
-38.414747,-12.945459,2,70,1,307
-38.367428,-12.923468,2,80,1,79
-38.367688,-12.922810,2,80,1,260
-38.375599,-12.924280,2,80,1,258
-38.375507,-12.925021,2,80,1,79
