-46.522011,-23.690125,1,30,1,169
-46.670774,-23.756021,1,30,1,281
-46.549897,-23.120720,1,30,1,99
-46.499591,-23.635544,1,30,1,296
-46.801232,-23.675005,1,30,1,90
-46.801095,-23.674917,1,30,1,270
-46.364075,-23.417301,1,30,1,73
-46.267249,-23.984341,1,30,1,146
-46.521836,-23.690430,1,30,1,341
-46.499867,-23.635460,1,30,1,116
-46.549949,-23.120663,1,30,1,278
-46.671126,-23.755897,1,30,1,133
-46.847531,-23.648544,1,30,1,103
-46.169339,-23.515588,1,30,1,256
-46.289786,-23.915187,1,30,1,253
-46.351545,-23.956672,1,30,2,74
-46.290699,-23.914614,1,30,1,187
-46.877467,-23.354453,1,30,2,40
-46.524285,-23.723752,1,30,2,25
-46.984367,-23.040672,1,30,1,349
-46.496045,-23.448847,1,30,1,248
-46.912267,-23.175970,1,30,1,176
-46.518010,-23.622867,1,30,1,231
-46.592405,-23.715145,1,40,1,172
-46.606884,-23.645429,1,40,1,223
-46.829784,-23.633832,1,40,1,152
-46.546374,-23.689098,1,40,1,200
-46.546423,-23.689356,1,40,1,26
-46.335916,-23.465082,1,40,1,333
-46.326945,-23.477273,1,40,1,154
-46.110522,-23.814494,1,40,1,251
-46.374201,-23.544113,1,40,2,69
-46.752157,-23.325959,1,40,1,134
-46.750794,-23.329059,1,40,1,168
-46.406182,-23.427984,1,40,1,266
-46.406399,-23.428063,1,40,1,345
-46.407632,-23.424453,1,40,1,177
-46.326536,-23.477857,1,40,1,343
-46.335990,-23.465118,1,40,1,153
-46.347840,-23.506341,1,40,2,124
-46.654115,-23.544621,1,40,1,292
-46.623008,-23.697313,1,40,1,348
-46.631119,-23.538228,1,40,1,104
-46.566317,-23.692077,1,40,1,112
-46.507035,-23.787229,1,40,1,166
-46.297305,-23.947131,1,40,1,323
-46.297478,-23.947125,1,40,1,143
-46.754377,-23.610917,1,40,1,338
-46.632320,-23.540603,1,40,1,80
-46.532243,-23.785512,1,40,1,112
-46.183233,-23.542217,1,40,0,25
-46.531828,-23.784184,1,40,1,139
-46.649888,-23.663630,1,40,1,234
-46.597910,-23.745487,1,40,1,344
-46.575443,-23.159549,1,40,0,141
-46.383365,-23.554777,1,40,1,252
-46.575987,-23.143712,1,40,2,79
-46.613269,-23.540951,1,40,1,56
-46.343319,-23.459114,1,40,1,259
-46.835186,-23.549609,1,40,1,345
-46.391528,-23.966787,1,40,1,359
-46.834917,-23.550888,1,40,1,11
-46.621795,-23.686778,1,40,1,76
-46.783634,-23.612021,1,40,0,70
-46.727176,-23.521071,1,40,1,268
-46.282200,-23.939164,1,40,1,248
-46.282172,-23.939264,1,40,1,68
-46.355177,-23.558849,1,40,1,92
-46.386429,-23.536881,1,40,1,293
-46.378646,-23.549696,1,40,2,24
-46.821605,-23.798350,1,40,0,42
-46.665072,-23.533585,1,40,1,220
-46.387824,-23.970151,1,40,1,80
-46.397019,-23.753514,1,40,2,139
-46.765959,-23.619210,1,40,2,91
-46.786372,-23.622835,1,40,2,165
-46.648308,-23.592567,1,40,1,113
-46.825269,-23.410757,1,40,2,151
-46.824138,-23.411891,1,40,2,120
-46.665953,-23.612415,1,40,1,220
-46.811011,-23.628034,1,40,2,56
-46.767804,-23.610959,1,40,2,145
-46.479472,-23.569763,1,40,1,234
-46.479965,-23.570356,1,40,1,32
-46.716856,-23.331669,1,40,1,93
-46.598674,-23.499548,1,40,1,200
-46.598859,-23.499852,1,40,1,46
-46.830450,-23.474381,1,40,1,4
-46.737585,-23.296246,1,40,2,149
-46.405916,-23.416218,1,40,1,182
-46.280700,-23.940701,1,40,1,157
-46.636704,-23.566009,1,40,2,39
-46.995789,-23.009280,1,40,1,252
-46.996591,-23.009508,1,40,1,74
-46.001493,-23.335401,1,40,1,198
-46.001563,-23.335750,1,40,1,22
-46.936279,-23.523801,1,40,1,328
-46.725141,-23.528709,1,40,1,150
-46.239313,-23.279231,1,40,2,21
-46.643976,-23.603979,1,40,1,91
-46.765811,-23.603378,1,40,1,136
-46.765907,-23.603215,1,40,1,315
-46.797308,-23.625223,1,40,2,228
-46.768379,-23.556263,1,40,1,343
-46.659467,-23.605589,1,40,1,220
-46.640937,-23.471295,1,40,1,113
-46.640681,-23.471379,1,40,1,312
-46.775695,-23.657779,1,40,1,320
-46.460232,-23.620190,1,40,1,161
-46.506590,-23.617685,1,40,2,50
-46.668120,-23.605941,1,40,1,40
-46.805872,-23.620577,1,40,2,174
-46.697825,-23.565385,1,40,1,272
-46.833536,-23.637643,1,40,2,34
-46.644276,-23.543588,1,40,1,227
-46.462575,-23.567824,1,40,1,312
-46.462631,-23.567872,1,40,1,113
-46.706900,-23.525687,1,40,1,231
-46.656037,-23.603556,1,40,1,40
-46.682190,-23.584690,1,40,1,331
-46.618100,-23.630224,1,40,2,158
-46.639239,-23.530631,1,40,1,335
-46.785466,-23.661381,1,40,1,89
-46.785470,-23.661312,1,40,1,269
-46.734440,-23.803122,1,40,1,23
-46.734524,-23.803065,1,40,1,203
-46.181910,-23.957792,1,40,1,236
-46.397216,-23.430060,1,40,2,113
-46.696143,-23.560144,1,40,1,138
-46.785742,-23.627045,1,40,2,151
-46.639596,-23.547255,1,40,1,40
-46.744905,-23.610784,1,40,2,125
-46.324430,-23.633492,1,40,1,343
-46.324507,-23.633503,1,40,1,162
-46.598781,-23.659186,1,40,1,94
-46.649901,-23.663706,1,40,1,54
-46.312756,-23.532276,1,40,2,110
-46.844490,-23.736741,1,40,1,255
-46.844469,-23.736806,1,40,1,67
-46.263373,-23.362888,1,40,0,100
-46.645978,-23.596830,1,40,1,90
-46.744425,-23.351353,1,40,1,18
-46.744414,-23.351071,1,40,1,197
-46.437531,-23.494972,1,40,2,106
-46.506844,-23.787604,1,40,1,342
-46.507769,-23.786163,1,40,0,126
-46.506601,-23.781905,1,40,0,24
-46.508328,-23.779302,1,40,0,114
-46.792905,-23.745845,1,40,2,163
-46.789220,-23.753877,1,40,1,336
-46.789292,-23.753890,1,40,1,162
-46.634724,-23.538200,1,40,1,190
-46.219238,-23.536873,1,40,1,131
-46.781636,-23.622287,1,40,2,351
-46.779887,-23.616047,1,40,2,174
-46.590306,-23.686228,1,40,2,80
-46.924887,-23.571883,1,40,2,354
-46.055422,-23.419532,1,40,2,73
-46.042313,-23.412306,1,40,2,63
-46.785037,-23.667550,1,40,2,66
-46.789270,-23.620282,1,40,2,157
-46.921364,-23.587783,1,40,1,187
-46.921020,-23.587878,1,40,1,350
-46.645203,-23.575545,1,40,1,247
-46.654880,-23.564479,1,40,1,131
-46.306679,-23.590301,1,40,1,178
-46.306579,-23.590596,1,40,1,358
-46.309266,-23.602078,1,40,1,219
-46.309462,-23.602430,1,40,1,39
-46.322542,-23.644111,1,40,1,217
-46.490737,-23.551443,1,40,2,69
-46.752165,-23.325834,1,40,1,308
-46.617577,-23.567010,1,40,1,127
-46.709537,-23.519144,1,40,1,235
-46.570837,-23.600307,1,40,1,353
-46.413928,-23.088323,1,40,1,55
-46.826691,-23.802221,1,40,2,130
-46.570980,-23.600001,1,40,1,159
-46.751162,-23.289329,1,40,1,20
-46.751344,-23.289313,1,40,1,201
-46.353911,-23.929966,1,40,1,279
-46.083303,-23.804032,1,40,1,252
-46.068221,-23.799505,1,40,1,252
-46.281576,-23.936847,1,40,1,352
-46.696386,-23.461665,1,40,2,172
-46.351618,-23.677332,1,40,1,45
-46.351666,-23.677311,1,40,1,225
-46.346966,-23.669407,1,40,2,44
-46.330258,-23.656808,1,40,2,53
-46.325465,-23.650058,1,40,1,32
-46.325489,-23.649959,1,40,1,212
-46.851797,-23.717115,1,40,1,163
-46.847116,-23.718779,1,40,1,125
-46.551885,-23.527960,1,40,1,176
-46.826364,-23.698180,1,40,2,16
-46.503463,-23.621600,1,40,1,27
-46.503412,-23.621404,1,40,1,207
-46.350758,-23.956695,1,40,1,314
-46.350953,-23.956747,1,40,1,134
-46.277467,-23.960837,1,40,1,150
-46.121712,-23.831354,1,40,1,172
-46.136989,-23.848162,1,40,1,33
-46.143422,-23.832750,1,40,1,246
-46.143710,-23.832980,1,40,1,64
-46.110956,-23.814673,1,40,1,71
-46.083699,-23.804209,1,40,1,72
-46.079777,-23.803028,1,40,1,72
-46.079476,-23.802886,1,40,1,252
-46.068564,-23.799650,1,40,1,72
-46.713029,-23.442184,1,40,2,35
-46.038651,-23.570050,1,40,1,130
-46.038615,-23.569999,1,40,1,310
-46.728757,-23.391289,1,40,1,114
-46.728690,-23.391204,1,40,1,311
-46.599663,-23.464937,1,40,2,124
-46.316120,-23.442756,1,40,2,60
-46.067827,-23.569238,1,40,1,86
-46.067827,-23.569163,1,40,1,266
-46.153777,-23.542004,1,40,1,149
-46.153714,-23.541978,1,40,1,329
-46.144611,-23.559085,1,40,1,132
-46.144543,-23.559024,1,40,1,312
-46.148516,-23.552487,1,40,1,205
-46.148458,-23.552505,1,40,1,22
-46.631038,-23.497106,1,40,1,6
-46.818386,-23.539506,1,40,1,187
-46.818734,-23.541072,1,40,1,27
-46.137067,-23.848096,1,40,1,213
-46.279156,-23.958030,1,40,1,152
-46.278977,-23.957916,1,40,1,334
-46.614463,-23.721785,1,40,2,114
-46.389062,-23.556173,1,40,1,95
-46.649410,-23.564638,1,40,1,222
-46.606478,-23.701058,1,40,1,308
-46.626317,-23.698512,1,40,1,77
-46.730334,-23.794871,1,40,1,345
-46.690240,-23.575969,1,40,1,60
-46.668350,-23.567118,1,40,1,312
-46.316404,-23.950495,1,40,1,273
-46.660352,-23.556695,1,40,1,226
-46.422591,-23.879266,1,40,1,320
-46.422713,-23.879334,1,40,1,140
-46.016641,-23.303558,1,40,1,114
-46.217583,-23.505619,1,40,1,88
-46.383827,-23.524034,1,40,0,161
-46.775415,-23.473031,1,40,1,103
-46.702874,-23.447781,1,40,1,162
-46.080707,-23.814834,1,40,1,260
-46.643868,-23.468573,1,40,1,213
-46.114096,-23.825693,1,40,1,170
-46.114061,-23.825777,1,40,1,349
-46.598773,-23.659119,1,40,1,279
-46.437463,-23.486862,1,40,1,321
-46.522330,-23.436835,1,40,1,177
-46.809382,-23.633322,1,40,1,3
-46.735284,-23.823016,1,40,1,146
-46.057970,-23.801653,1,40,1,359
-46.603117,-23.483827,1,40,1,62
-46.580456,-23.508058,1,40,1,228
-46.605198,-23.615250,1,40,1,256
-46.749641,-23.583083,1,40,1,1
-46.631870,-23.595052,1,40,1,115
-46.322705,-23.644414,1,40,1,36
-46.857514,-23.248380,1,40,1,160
-46.108384,-23.821035,1,40,1,71
-46.116753,-23.823302,1,40,1,259
-46.122071,-23.827543,1,40,1,352
-46.125853,-23.833983,1,40,1,59
-46.612643,-23.746019,1,40,1,48
-46.612381,-23.745734,1,40,1,228
-46.716359,-23.331665,1,40,1,274
-46.746598,-23.334075,1,40,1,331
-46.746702,-23.334113,1,40,1,151
-46.720580,-23.334684,1,40,2,50
-46.223335,-23.979450,1,40,1,78
-46.373437,-23.969868,1,40,1,120
-46.577322,-23.755748,1,40,1,57
-46.086984,-23.805141,1,40,1,252
-46.087330,-23.805312,1,40,1,73
-46.359181,-23.556004,1,40,2,150
-46.317937,-23.949514,1,40,1,185
-46.272352,-23.968693,1,40,1,211
-46.331461,-23.557289,1,40,2,25
-46.577126,-23.755548,1,40,1,238
-46.592163,-23.715462,1,40,1,347
-46.678401,-23.502249,1,40,1,4
-46.572342,-23.590458,1,40,1,280
-46.735310,-23.616543,1,40,1,220
-46.730424,-23.633488,1,40,1,270
-46.735854,-23.656237,1,40,1,5
-46.777148,-23.678433,1,40,1,78
-46.782863,-23.702321,1,40,1,50
-46.772261,-23.678347,1,40,1,302
-46.701571,-23.693467,1,40,1,358
-46.416077,-23.524049,1,40,1,100
-46.596214,-23.568105,1,40,1,107
-46.540864,-23.572533,1,40,1,194
-46.537784,-23.573798,1,40,1,102
-46.507820,-23.597467,1,40,1,275
-46.530935,-23.597396,1,40,1,73
-46.522585,-23.597935,1,40,1,146
-46.529309,-23.575249,1,40,1,126
-46.615743,-23.497680,1,40,1,195
-46.587550,-23.498961,1,40,1,227
-46.579888,-23.483397,1,40,1,153
-46.593065,-23.481605,1,40,1,104
-46.510182,-23.589092,1,40,1,128
-46.612278,-23.475834,1,40,1,122
-46.605798,-23.470734,1,40,1,217
-46.314464,-23.547597,1,40,1,200
-46.567270,-23.480319,1,40,1,155
-46.662026,-23.479472,1,40,1,329
-46.645903,-23.483103,1,40,1,313
-46.482758,-23.539326,1,40,1,75
-46.474361,-23.528154,1,40,1,170
-46.479484,-23.488045,1,40,1,6
-46.388460,-23.495244,1,40,1,152
-46.523559,-23.612650,1,40,1,318
-46.445087,-23.550098,1,40,1,183
-46.487379,-23.499025,1,40,1,198
-46.541404,-23.597206,1,40,1,148
-46.507376,-23.496107,1,40,1,135
-46.399649,-23.522645,1,40,1,177
-46.391986,-23.501249,1,40,1,132
-46.418535,-23.542126,1,40,1,283
-46.425937,-23.549597,1,40,1,165
-46.420091,-23.519448,1,40,1,315
-46.553200,-23.598445,1,40,1,289
-46.428358,-23.484673,1,40,1,266
-46.385350,-23.488808,1,40,1,26
-46.516580,-23.587194,1,40,1,106
-46.560321,-23.626432,1,40,1,57
-46.753142,-23.490548,1,40,1,285
-46.616833,-23.580038,1,40,1,129
-46.511196,-23.460021,1,40,1,192
-46.408674,-23.560403,1,40,1,76
-46.411078,-23.556671,1,40,1,143
-46.675879,-23.488087,1,40,1,185
-46.750664,-23.545889,1,40,1,335
-46.685088,-23.544285,1,40,1,211
-46.661113,-23.594045,1,40,1,250
-46.706927,-23.542997,1,40,1,214
-46.717888,-23.535859,1,40,1,81
-46.697476,-23.538788,1,40,1,175
-46.731164,-23.493976,1,40,1,146
-46.624357,-23.618137,1,40,1,307
-46.650974,-23.462052,1,40,1,54
-46.650805,-23.461872,1,40,1,234
-46.678437,-23.502203,1,40,1,184
-46.750645,-23.508051,1,40,1,263
-46.615050,-23.625598,1,40,1,262
-46.642441,-23.649474,1,40,1,49
-46.541847,-23.715315,1,40,1,354
-46.643708,-23.690377,1,40,1,195
-46.607287,-23.498335,1,40,1,286
-46.607552,-23.498394,1,40,1,90
-46.441988,-23.528870,1,40,2,55
-46.273061,-23.994486,1,40,1,190
-46.272941,-23.994360,1,40,1,10
-46.684151,-23.461363,1,40,1,168
-46.448057,-23.532609,1,40,1,237
-46.708469,-23.538147,1,40,1,316
-46.264444,-23.984799,1,40,1,26
-46.772828,-23.618791,1,40,1,260
-46.772984,-23.618854,1,40,1,87
-46.649794,-23.480050,1,40,1,299
-46.264315,-23.998803,1,40,1,16
-46.263018,-23.990152,1,40,1,287
-46.435308,-23.554336,1,40,1,107
-46.540157,-23.522151,1,40,1,249
-46.546341,-23.518281,1,40,1,195
-46.501055,-23.527495,1,40,1,293
-46.600450,-23.456925,1,40,1,290
-46.403458,-23.536262,1,40,1,239
-46.632095,-23.480675,1,40,1,350
-46.606620,-23.621985,1,40,1,258
-46.600337,-23.457046,1,40,1,110
-46.607719,-23.583612,1,40,1,355
-46.382531,-23.545929,1,40,1,253
-46.663515,-23.541579,1,40,1,220
-46.808224,-23.510534,1,40,1,33
-46.428524,-23.484717,1,40,1,86
-46.415896,-23.524025,1,40,1,281
-46.389063,-23.556089,1,40,1,275
-46.417317,-23.493942,1,40,1,90
-46.597940,-23.745647,1,40,1,164
-46.678551,-23.583843,1,40,1,74
-46.644000,-23.468791,1,40,1,46
-46.531431,-23.506378,1,40,1,75
-46.417281,-23.493818,1,40,1,270
-46.459704,-23.533507,1,40,1,135
-46.814988,-23.652323,1,40,1,189
-46.814949,-23.652423,1,40,1,9
-46.708639,-23.538056,1,40,1,140
-46.759466,-23.622203,1,40,1,90
-46.758930,-23.622134,1,40,1,270
-46.841475,-23.212941,1,40,1,89
-46.596180,-23.568040,1,40,1,287
-46.581632,-23.572035,1,40,2,36
-46.474286,-23.528040,1,40,1,350
-46.531450,-23.506304,1,40,1,255
-46.581080,-23.549502,1,40,1,315
-46.675181,-23.550707,1,40,1,25
-46.591811,-23.493989,1,40,2,32
-46.080827,-23.814889,1,40,1,79
-46.567198,-23.480296,1,40,1,335
-46.707010,-23.543182,1,40,1,34
-46.714590,-23.461906,1,40,1,141
-46.697438,-23.538980,1,40,1,354
-46.459594,-23.533515,1,40,1,315
-46.642208,-23.460425,1,40,1,279
-46.642643,-23.460397,1,40,1,100
-46.389459,-23.535833,1,40,1,94
-46.435097,-23.554295,1,40,1,256
-46.607432,-23.536516,1,40,1,344
-46.445032,-23.550319,1,40,1,3
-46.425822,-23.549724,1,40,1,344
-46.511186,-23.460209,1,40,1,15
-46.437559,-23.486816,1,40,1,154
-46.399576,-23.522887,1,40,1,357
-46.420188,-23.519399,1,40,1,136
-46.593119,-23.537116,1,40,1,82
-46.832120,-23.629429,1,40,1,244
-46.485174,-23.310584,1,40,1,180
-46.615743,-23.498018,1,40,1,5
-46.385263,-23.488637,1,40,1,231
-46.613938,-23.525330,1,40,1,293
-46.614425,-23.525264,1,40,1,114
-46.602788,-23.483599,1,40,1,245
-46.540797,-23.572614,1,40,1,15
-46.501198,-23.527485,1,40,1,114
-46.632264,-23.480441,1,40,1,156
-46.592652,-23.481648,1,40,1,284
-46.549675,-23.706210,1,40,1,120
-46.579684,-23.483658,1,40,1,333
-46.735040,-23.823293,1,40,1,356
-46.649979,-23.479990,1,40,1,149
-46.540224,-23.522254,1,40,1,56
-46.487386,-23.499234,1,40,1,13
-46.750803,-23.508131,1,40,1,82
-46.382852,-23.546042,1,40,1,75
-46.580555,-23.508279,1,40,1,18
-46.613646,-23.584095,1,40,1,263
-46.507151,-23.496231,1,40,1,315
-46.529041,-23.575367,1,40,1,305
-46.411141,-23.556314,1,40,1,323
-46.448180,-23.532767,1,40,1,53
-46.373228,-23.969833,1,40,1,300
-46.665959,-23.550073,1,40,2,157
-46.710031,-23.672339,1,40,1,335
-46.418768,-23.542126,1,40,1,100
-46.607155,-23.645603,1,40,1,65
-46.730947,-23.494138,1,40,1,326
-46.408521,-23.560306,1,40,1,258
-46.499644,-23.572650,1,40,1,280
-46.965144,-23.102924,1,40,1,330
-46.696386,-23.671100,1,40,1,19
-46.375584,-23.956648,1,40,1,197
-46.479529,-23.487858,1,40,1,188
-46.605908,-23.470934,1,40,1,37
-46.122324,-23.827310,1,40,1,172
-46.587578,-23.509395,1,40,2,17
-46.388282,-23.495430,1,40,1,333
-46.391779,-23.501335,1,40,1,311
-46.287814,-23.491405,1,40,2,91
-46.749722,-23.582835,1,40,1,192
-46.650765,-23.636054,1,40,1,242
-46.546338,-23.518491,1,40,1,20
-46.605476,-23.601870,1,40,1,87
-46.508104,-23.597487,1,40,1,95
-46.364733,-23.929534,1,40,1,115
-46.523878,-23.612357,1,40,1,145
-46.685259,-23.544607,1,40,1,30
-46.624602,-23.618082,1,40,1,110
-46.744836,-23.520249,1,40,1,85
-46.522263,-23.436956,1,40,1,355
-46.717663,-23.535757,1,40,1,261
-46.499848,-23.572673,1,40,1,100
-46.519404,-23.648025,1,40,1,45
-46.530859,-23.611021,1,40,1,101
-46.661304,-23.594197,1,40,1,71
-46.646179,-23.482982,1,40,1,126
-46.356851,-23.535580,1,40,1,69
-46.803455,-23.647774,1,40,1,95
-46.803125,-23.647737,1,40,1,275
-46.642362,-23.649364,1,40,1,230
-46.777242,-23.678427,1,40,1,260
-46.541156,-23.597440,1,40,1,325
-46.615466,-23.625742,1,40,1,82
-46.356937,-23.535555,1,40,1,250
-46.317466,-23.546483,1,40,1,200
-46.662272,-23.479215,1,40,1,150
-46.324252,-23.535833,1,40,1,288
-46.303596,-23.538717,1,40,1,179
-46.675841,-23.488111,1,40,1,3
-46.616733,-23.580058,1,40,1,309
-46.759897,-23.648596,1,40,1,87
-46.696556,-23.671099,1,40,1,199
-46.730452,-23.794661,1,40,1,181
-46.611916,-23.475950,1,40,1,302
-46.416844,-23.536148,1,40,1,311
-46.416981,-23.535875,1,40,1,175
-46.763773,-23.615166,1,40,2,309
-46.691691,-23.528171,1,40,1,91
-46.522247,-23.598198,1,40,1,294
-46.587749,-23.499303,1,40,1,29
-46.058013,-23.801665,1,40,1,180
-46.516199,-23.587176,1,40,1,263
-46.381401,-23.529257,1,40,0,128
-46.549151,-23.706360,1,40,1,300
-46.753319,-23.490555,1,40,1,105
-46.841327,-23.212873,1,40,1,269
-46.665571,-23.551964,1,40,1,51
-46.324547,-23.535784,1,40,1,111
-46.343891,-23.952389,1,40,1,6
-46.403367,-23.536264,1,40,1,59
-46.519298,-23.647843,1,40,1,225
-46.553251,-23.598471,1,40,1,109
-46.651876,-23.637129,1,40,1,47
-46.735504,-23.616813,1,40,1,42
-46.509774,-23.589239,1,40,1,288
-46.482486,-23.539156,1,40,1,256
-46.698976,-23.714956,1,40,1,195
-46.735891,-23.655912,1,40,1,184
-46.710224,-23.672047,1,40,1,155
-46.637730,-23.501192,1,40,1,164
-46.579504,-23.734159,1,40,1,198
-46.659544,-23.661118,1,40,2,72
-46.643678,-23.690467,1,40,1,15
-46.608340,-23.499841,1,40,1,259
-46.376320,-23.959084,1,40,1,18
-46.534553,-23.586795,1,40,2,113
-46.559468,-23.603212,1,40,1,238
-46.605552,-23.615306,1,40,1,91
-46.606614,-23.622032,1,40,1,81
-46.848628,-23.715292,1,40,1,8
-46.750797,-23.545809,1,40,1,154
-46.125905,-23.833765,1,40,1,240
-46.116552,-23.823239,1,40,1,264
-46.108626,-23.820890,1,40,1,250
-46.809442,-23.633418,1,40,1,186
-46.375394,-23.956499,1,40,1,17
-46.782898,-23.702271,1,40,1,235
-46.772377,-23.678348,1,40,1,123
-46.622968,-23.493725,1,40,1,345
-46.537564,-23.573781,1,40,1,283
-46.701623,-23.693231,1,40,1,179
-46.560380,-23.626367,1,40,1,225
-46.547489,-23.655963,1,40,1,141
-46.547264,-23.656118,1,40,1,339
-46.572282,-23.590525,1,40,1,99
-46.641951,-23.572261,1,40,1,355
-46.740815,-23.616837,1,40,1,6
-46.343730,-23.951714,1,40,1,235
-46.730899,-23.633567,1,40,1,90
-46.530653,-23.597264,1,40,1,253
-46.676493,-23.649073,1,50,1,37
-46.303167,-23.970200,1,50,1,310
-46.313105,-23.963655,1,50,1,126
-46.303240,-23.970302,1,50,1,126
-46.738242,-23.594902,1,50,1,244
-46.647512,-23.620455,1,50,1,159
-46.436816,-23.700159,1,50,1,328
-46.703207,-23.709395,1,50,1,47
-46.547434,-23.629804,1,50,1,330
-46.673490,-23.639602,1,50,1,221
-46.713676,-23.596339,1,50,1,324
-46.824779,-23.001421,1,50,1,248
-46.834544,-23.005597,1,50,1,290
-46.726587,-23.402410,1,50,1,280
-46.534875,-23.660685,1,50,2,295
-46.026116,-23.791902,1,50,1,160
-46.600291,-23.476103,1,50,1,46
-46.186064,-23.575833,1,50,1,99
-46.786185,-23.618536,1,50,1,160
-46.694555,-23.591009,1,50,1,45
-46.246551,-23.982179,1,50,1,145
-46.246401,-23.982304,1,50,1,324
-46.492301,-23.873517,1,50,1,265
-46.488014,-23.879373,1,50,1,189
-46.479656,-23.886048,1,50,1,27
-46.362820,-23.969352,1,50,1,76
-46.490968,-23.891075,1,50,1,64
-46.470901,-23.892550,1,50,1,66
-46.685793,-23.599131,1,50,1,301
-46.685928,-23.599503,1,50,1,120
-46.620474,-23.477216,1,50,1,30
-46.604303,-23.572106,1,50,1,173
-46.604237,-23.659883,1,50,1,33
-46.352235,-23.968434,1,50,1,83
-46.645974,-23.561331,1,50,1,354
-46.537488,-23.435649,1,50,1,194
-46.591732,-23.474972,1,50,1,264
-46.725329,-23.543478,1,50,1,291
-46.719232,-23.541740,1,50,1,180
-46.676736,-23.546868,1,50,1,5
-46.719014,-23.542038,1,50,1,0
-46.726728,-23.542859,1,50,1,136
-46.209903,-23.533089,1,50,1,77
-46.520310,-23.705641,1,50,1,268
-46.504462,-23.510424,1,50,1,270
-46.342818,-23.929431,1,50,1,90
-46.342786,-23.929311,1,50,1,270
-46.709874,-23.712533,1,50,1,312
-46.605763,-23.607622,1,50,1,19
-46.605957,-23.607539,1,50,1,199
-46.689938,-23.537085,1,50,1,213
-46.667941,-23.529531,1,50,1,300
-46.685866,-23.599404,1,50,1,120
-46.312996,-23.963575,1,50,1,306
-46.603847,-23.659100,1,50,1,213
-46.844834,-23.644669,1,50,2,42
-46.190267,-23.566359,1,50,1,47
-46.192563,-23.573193,1,50,1,113
-46.852161,-23.658219,1,50,2,188
-46.316224,-23.497264,1,50,1,358
-46.361257,-23.484285,1,50,1,64
-46.768020,-23.624504,1,50,2,26
-46.674417,-23.527743,1,50,1,241
-46.781560,-23.206464,1,50,1,300
-46.697543,-23.689538,1,50,1,15
-46.619811,-23.503167,1,50,1,44
-46.772026,-23.687744,1,50,1,218
-46.863232,-23.009638,1,50,2,79
-46.586259,-23.543161,1,50,1,78
-46.701787,-23.589829,1,50,1,45
-46.618187,-23.502470,1,50,1,270
-46.603924,-23.572369,1,50,1,356
-46.843291,-23.011625,1,50,1,343
-46.707796,-23.479311,1,50,1,200
-46.675689,-23.609766,1,50,1,146
-46.487044,-23.580110,1,50,1,255
-46.674768,-23.519417,1,50,1,106
-46.674573,-23.519305,1,50,1,287
-46.474425,-23.417249,1,50,2,83
-46.302940,-23.552486,1,50,1,309
-46.583097,-23.485194,1,50,1,313
-46.646641,-23.487197,1,50,1,243
-46.646172,-23.487192,1,50,1,66
-46.647422,-23.592834,1,50,1,293
-46.722750,-23.484544,1,50,1,55
-46.707308,-23.556970,1,50,1,338
-46.711645,-23.542350,1,50,1,168
-46.506298,-23.520598,1,50,1,91
-46.709524,-23.501709,1,50,1,126
-46.763071,-23.678713,1,50,1,47
-46.714841,-23.696117,1,50,1,2
-46.709930,-23.490883,1,50,1,352
-46.403948,-23.402356,1,50,1,232
-46.503497,-23.466071,1,50,1,68
-46.503727,-23.466038,1,50,1,248
-46.651321,-23.522018,1,50,1,152
-46.484564,-23.452631,1,50,1,240
-46.545467,-23.455107,1,50,1,180
-46.558786,-23.459682,1,50,1,203
-46.545371,-23.455383,1,50,1,0
-46.533713,-23.455911,1,50,1,352
-46.647301,-23.620694,1,50,1,339
-46.662776,-23.535494,1,50,1,205
-46.743260,-23.672526,1,50,1,246
-46.518199,-23.465438,1,50,1,341
-46.610379,-23.490536,1,50,1,21
-46.680393,-23.549697,1,50,1,270
-46.669834,-23.611607,1,50,1,220
-46.721395,-23.439367,1,50,1,173
-46.463364,-23.490057,1,50,1,318
-46.545918,-23.470844,1,50,1,180
-46.407539,-23.405913,1,50,2,28
-46.415497,-23.425578,1,50,0,96
-46.697287,-23.638572,1,50,1,210
-46.603409,-23.503552,1,50,2,26
-46.606136,-23.511918,1,50,1,24
-46.615548,-23.461435,1,50,1,0
-46.615527,-23.460530,1,50,1,180
-46.606007,-23.510869,1,50,1,188
-46.691448,-23.740855,1,50,1,15
-46.627049,-23.561548,1,50,1,77
-46.674385,-23.481039,1,50,1,225
-46.732488,-23.412878,1,50,1,322
-46.723254,-23.484645,1,50,1,241
-46.664119,-23.522060,1,50,1,100
-46.415943,-23.445579,1,50,1,249
-46.845908,-23.517242,1,50,1,78
-46.537457,-23.435839,1,50,1,10
-46.719624,-23.571063,1,50,1,64
-46.718032,-23.570302,1,50,1,245
-46.658382,-23.522733,1,50,1,280
-46.725836,-23.608213,1,50,1,212
-46.715766,-23.595270,1,50,1,110
-46.625486,-23.628484,1,50,1,260
-46.115077,-23.820129,1,50,1,353
-46.422630,-23.400069,1,50,1,67
-46.607531,-23.484296,1,50,1,209
-46.545585,-23.470086,1,50,1,0
-46.551733,-23.433590,1,50,1,135
-46.635827,-23.658373,1,50,1,21
-46.618245,-23.552496,1,50,1,276
-46.707609,-23.479218,1,50,1,14
-46.647100,-23.507196,1,50,1,78
-46.716589,-23.764471,1,50,1,198
-46.713738,-23.756631,1,50,1,38
-46.706793,-23.744322,1,50,1,12
-46.690202,-23.537589,1,50,1,33
-46.673372,-23.641050,1,50,1,330
-46.610935,-23.491450,1,50,1,203
-46.647616,-23.515555,1,50,1,269
-46.617058,-23.469881,1,50,1,193
-46.707999,-23.496066,1,50,1,148
-46.506545,-23.464370,1,50,2,259
-46.540198,-23.449262,1,50,1,42
-46.839568,-23.006561,1,50,1,290
-46.695252,-23.567615,1,50,1,83
-46.508066,-23.510679,1,50,1,69
-46.846018,-23.517159,1,50,1,258
-46.620299,-23.476932,1,50,1,223
-46.518438,-23.471151,1,50,1,63
-46.680651,-23.560624,1,50,1,135
-46.646907,-23.506900,1,50,1,258
-46.640913,-23.629329,1,50,1,87
-46.333643,-23.499348,1,50,1,59
-46.633712,-23.536768,1,50,1,182
-46.468377,-23.439893,1,50,1,14
-46.651129,-23.597978,1,50,1,184
-46.462388,-23.662379,1,50,1,270
-46.721553,-23.449114,1,50,2,164
-46.185500,-23.510157,1,50,1,146
-46.686234,-23.690765,1,50,1,322
-46.471610,-23.592549,1,50,1,273
-46.458571,-23.502586,1,50,1,168
-46.474795,-23.518444,1,50,1,152
-46.458456,-23.502336,1,50,1,345
-46.658446,-23.532152,1,50,1,278
-46.427176,-23.667858,1,50,1,116
-46.630915,-23.526359,1,50,1,12
-46.631281,-23.525720,1,50,1,188
-46.425711,-23.726014,1,50,1,180
-46.450004,-23.690423,1,50,2,158
-46.456600,-23.672880,1,50,1,138
-46.456487,-23.672885,1,50,1,318
-46.442925,-23.587676,1,50,1,168
-46.579092,-23.549580,1,50,1,169
-46.578471,-23.549606,1,50,1,333
-46.766001,-23.657136,1,50,1,25
-46.750051,-23.606109,1,50,1,255
-46.659194,-23.567339,1,50,1,42
-46.653216,-23.549412,1,50,1,225
-46.531720,-23.454241,1,50,1,280
-46.561280,-23.582173,1,50,1,77
-46.265630,-23.982536,1,50,1,156
-46.811727,-23.645231,1,50,2,56
-46.818199,-23.820303,1,50,1,342
-46.818258,-23.820349,1,50,1,169
-46.465323,-23.498801,1,50,1,71
-46.471250,-23.592993,1,50,1,92
-46.634559,-23.587670,1,50,1,355
-46.449934,-23.556449,1,50,1,92
-46.685766,-23.582688,1,50,1,45
-46.686389,-23.690856,1,50,1,141
-46.642322,-23.549790,1,50,1,245
-46.578631,-23.549729,1,50,1,333
-46.579029,-23.549176,1,50,1,169
-46.652239,-23.535717,1,50,1,121
-46.642840,-23.536144,1,50,1,147
-46.573668,-23.569936,1,50,1,183
-46.572902,-23.571550,1,50,1,314
-46.827580,-23.635011,1,50,2,53
-46.744162,-23.673028,1,50,1,68
-46.625405,-23.628616,1,50,1,81
-46.696156,-23.571554,1,50,1,264
-46.682197,-23.560365,1,50,1,57
-46.408138,-23.719883,1,50,2,290
-46.423170,-23.905952,1,50,1,1
-46.419587,-23.888805,1,50,1,180
-46.426559,-23.892218,1,50,2,260
-46.642046,-23.549835,1,50,1,64
-46.561520,-23.582001,1,50,1,257
-46.374986,-23.963345,1,50,1,140
-46.374718,-23.963431,1,50,1,293
-46.553007,-23.535988,1,50,1,78
-46.552500,-23.535688,1,50,1,257
-46.448034,-23.530276,1,50,1,216
-46.447941,-23.530332,1,50,1,38
-46.317301,-23.391077,1,50,2,224
-46.610830,-23.573458,1,50,1,356
-46.636050,-23.657838,1,50,1,165
-46.610906,-23.573456,1,50,1,176
-46.683558,-23.567328,1,50,1,60
-46.670284,-23.559467,1,50,1,239
-46.670059,-23.559515,1,50,1,58
-46.683774,-23.567275,1,50,1,240
-46.618720,-23.552639,1,50,1,97
-46.648346,-23.592636,1,50,1,113
-46.496982,-23.579019,1,50,1,90
-46.586811,-23.580673,1,50,1,174
-46.587354,-23.574226,1,50,1,352
-46.335126,-23.969021,1,50,1,283
-46.335935,-23.968959,1,50,1,103
-46.572104,-23.579095,1,50,1,205
-46.660623,-23.558507,1,50,2,225
-46.434837,-23.447976,1,50,1,344
-46.752450,-23.610013,1,50,1,190
-46.509813,-23.519699,1,50,1,287
-46.645339,-23.562800,1,50,1,41
-46.262732,-23.966676,1,50,1,66
-46.587582,-23.572098,1,50,1,182
-46.446236,-23.572471,1,50,1,158
-46.668143,-23.529568,1,50,1,122
-46.449755,-23.556407,1,50,1,272
-46.708229,-23.577567,1,50,1,203
-46.274191,-23.999236,1,50,1,174
-46.274117,-23.999016,1,50,1,354
-46.715015,-23.695906,1,50,1,182
-46.651283,-23.623222,1,50,1,307
-46.766336,-23.607864,1,50,1,70
-46.549310,-23.486076,1,50,1,285
-46.549371,-23.486127,1,50,1,105
-46.518534,-23.530507,1,50,1,62
-46.520309,-23.705693,1,50,1,77
-46.697582,-23.571861,1,50,1,83
-46.644552,-23.515645,1,50,1,89
-46.631027,-23.526347,1,50,1,12
-46.631151,-23.525733,1,50,1,188
-46.498715,-23.432385,1,50,1,294
-46.208905,-23.532601,1,50,1,217
-46.216512,-23.516043,1,50,1,231
-46.585851,-23.648090,1,50,1,300
-46.456796,-23.523028,1,50,1,204
-46.711542,-23.542460,1,50,1,348
-46.721272,-23.439592,1,50,1,349
-46.540007,-23.448991,1,50,1,222
-46.717364,-23.489523,1,50,1,297
-46.487043,-23.580226,1,50,1,73
-46.190078,-23.566091,1,50,1,227
-46.676950,-23.546859,1,50,1,185
-46.617066,-23.470119,1,50,1,21
-46.592014,-23.475047,1,50,1,84
-46.600144,-23.475902,1,50,1,223
-46.408689,-23.433315,1,50,1,76
-46.995692,-23.024901,1,50,1,299
-46.995875,-23.024901,1,50,1,120
-46.687512,-23.680421,1,50,1,230
-46.750023,-23.644987,1,50,1,234
-46.751622,-23.649567,1,50,1,97
-46.618239,-23.552355,1,50,1,277
-46.397247,-23.436989,1,50,1,322
-46.397918,-23.436312,1,50,1,126
-46.396552,-23.444589,1,50,1,51
-46.710632,-23.616945,1,50,2,98
-46.725945,-23.608507,1,50,1,32
-46.531939,-23.454244,1,50,1,98
-46.726948,-23.402427,1,50,1,99
-46.667956,-23.574680,1,50,1,52
-46.463302,-23.490372,1,50,1,141
-46.251508,-23.976671,1,50,1,303
-46.565070,-23.746837,1,50,1,40
-46.185720,-23.575799,1,50,1,279
-46.192220,-23.573238,1,50,1,293
-46.676078,-23.554255,1,50,1,237
-46.695587,-23.515407,1,50,1,89
-46.567189,-23.449111,1,50,1,197
-46.567009,-23.448769,1,50,1,17
-46.115101,-23.820126,1,50,1,176
-46.535089,-23.447312,1,50,1,112
-46.530553,-23.450787,1,50,1,334
-46.185526,-23.509650,1,50,1,328
-46.316283,-23.497156,1,50,1,178
-46.333720,-23.499357,1,50,1,239
-46.554218,-23.504070,1,50,1,281
-46.554567,-23.503981,1,50,1,152
-46.188060,-23.575534,1,50,1,102
-46.515421,-23.557747,1,50,1,139
-46.786130,-23.618446,1,50,1,340
-46.593098,-23.544526,1,50,1,78
-46.422196,-23.399591,1,50,1,200
-46.703260,-23.709310,1,50,1,231
-46.259492,-23.967094,1,50,1,156
-46.412898,-23.461182,1,50,1,38
-46.717538,-23.505979,1,50,1,309
-46.537476,-23.458076,1,50,1,165
-46.389020,-23.441793,1,50,1,253
-46.388038,-23.441551,1,50,1,73
-46.561864,-23.456782,1,50,1,243
-46.709568,-23.664420,1,50,1,322
-46.709629,-23.712970,1,50,1,132
-46.639517,-23.579847,1,50,1,149
-46.407885,-23.448312,1,50,1,347
-46.621238,-23.595103,1,50,1,23
-46.754255,-23.464021,1,50,2,69
-46.518719,-23.471099,1,50,1,242
-46.621809,-23.595475,1,50,1,203
-46.625372,-23.527436,1,50,1,2
-46.699696,-23.725616,1,50,1,172
-46.699334,-23.726544,1,50,1,351
-46.503041,-23.635975,1,50,1,180
-46.662565,-23.578178,1,50,1,316
-46.427613,-23.445251,1,50,1,330
-46.557018,-23.430394,1,50,1,99
-46.444808,-23.597478,1,50,1,177
-46.252327,-23.976229,1,50,1,120
-46.575127,-23.540453,1,50,1,258
-46.593047,-23.544377,1,50,1,257
-46.827012,-23.647992,1,50,0,105
-46.444652,-23.597451,1,50,1,357
-46.504807,-23.639163,1,50,1,67
-46.843985,-23.010804,1,50,1,172
-46.725125,-23.667135,1,50,1,85
-46.725217,-23.667043,1,50,1,265
-46.581684,-23.757651,1,50,1,103
-46.850152,-23.575071,1,50,1,159
-46.851697,-23.567777,1,50,1,228
-46.851648,-23.567830,1,50,1,48
-46.535919,-23.427958,1,50,1,230
-46.536146,-23.428265,1,50,1,25
-46.533047,-23.459244,1,50,1,334
-46.661625,-23.617554,1,50,1,114
-46.850045,-23.575035,1,50,1,329
-46.710177,-23.645918,1,50,1,105
-46.710127,-23.645824,1,50,1,285
-46.688740,-23.628121,1,50,1,213
-46.493534,-23.535684,1,50,1,97
-46.493428,-23.535634,1,50,1,277
-46.137355,-23.829387,1,50,1,139
-46.508572,-23.563210,1,50,1,322
-46.706427,-23.500370,1,50,1,354
-46.640102,-23.622781,1,50,1,11
-46.571011,-23.750657,1,50,1,264
-46.570957,-23.750722,1,50,1,84
-46.666780,-23.502940,1,50,1,38
-46.690471,-23.683069,1,50,1,42
-46.597353,-23.598648,1,50,1,192
-46.597859,-23.588942,1,50,1,355
-46.682648,-23.527024,1,50,1,34
-46.682756,-23.527006,1,50,1,214
-46.675876,-23.606369,1,50,1,200
-46.675840,-23.606603,1,50,1,19
-46.750143,-23.648773,1,50,1,243
-46.695287,-23.660484,1,50,1,299
-46.695699,-23.660439,1,50,1,113
-46.682174,-23.632177,1,50,1,137
-46.640156,-23.622481,1,50,1,191
-46.681203,-23.580421,1,50,1,271
-46.663876,-23.658349,1,50,1,139
-46.663672,-23.658325,1,50,1,333
-46.525781,-23.521464,1,50,1,212
-46.526735,-23.522005,1,50,1,111
-46.523623,-23.505886,1,50,0,115
-46.713841,-23.582679,1,50,1,245
-46.549658,-23.509226,1,50,1,259
-46.754862,-23.564990,1,50,1,49
-46.712198,-23.674484,1,50,1,1
-46.694078,-23.637221,1,50,1,220
-46.682138,-23.624811,1,50,1,41
-46.706776,-23.678626,1,50,1,336
-46.706832,-23.678720,1,50,1,158
-46.681895,-23.632144,1,50,1,310
-46.328146,-23.971106,1,50,1,110
-46.654223,-23.462769,1,50,1,34
-46.693309,-23.586757,1,50,1,97
-46.693612,-23.586603,1,50,1,277
-46.737007,-23.637011,1,50,1,179
-46.712408,-23.674584,1,50,1,182
-46.766578,-23.577704,1,50,1,46
-46.546608,-23.509380,1,50,1,96
-46.482785,-23.602177,1,50,1,322
-46.747188,-23.598023,1,50,1,1
-46.502611,-23.575216,1,50,1,324
-46.482430,-23.602741,1,50,1,142
-46.770493,-23.630518,1,50,1,39
-46.770549,-23.630467,1,50,1,219
-46.755472,-23.613981,1,50,1,20
-46.702382,-23.739687,1,50,1,239
-46.732802,-23.508319,1,50,1,281
-46.539961,-23.533433,1,50,1,79
-46.759595,-23.653882,1,50,1,39
-46.759737,-23.653780,1,50,1,219
-46.737503,-23.573155,1,50,1,119
-46.740304,-23.570727,1,50,1,323
-46.523513,-23.518520,1,50,1,31
-46.776267,-23.410468,1,50,0,89
-46.630608,-23.518076,1,50,1,285
-46.765567,-23.575177,1,50,1,199
-46.741061,-23.598703,1,50,1,29
-46.391731,-23.495975,1,50,1,243
-46.887215,-23.481991,1,50,1,104
-46.842032,-23.578478,1,50,2,110
-46.712529,-23.607739,1,50,1,181
-46.602158,-23.602615,1,50,1,306
-46.523870,-23.518860,1,50,1,212
-46.656528,-23.666132,1,50,1,115
-46.654968,-23.666656,1,50,1,295
-46.642031,-23.676238,1,50,1,161
-46.641782,-23.676463,1,50,1,341
-46.489290,-23.507532,1,50,1,86
-46.438593,-23.459305,1,50,1,159
-46.610577,-23.589178,1,50,1,175
-46.522969,-23.499676,1,50,1,258
-46.735769,-23.590075,1,50,1,66
-46.609766,-23.596483,1,50,1,355
-46.556600,-23.530604,1,50,1,69
-46.698068,-23.524955,1,50,1,90
-46.866040,-23.714865,1,50,2,82
-46.506316,-23.571534,1,50,1,336
-46.734342,-23.589364,1,50,1,246
-46.589656,-23.518377,1,50,1,35
-46.680115,-23.688667,1,50,1,328
-46.680236,-23.688691,1,50,1,146
-46.665717,-23.465254,1,50,1,74
-46.665763,-23.465148,1,50,1,254
-46.687417,-23.515897,1,50,1,106
-46.679399,-23.661440,1,50,1,173
-46.652657,-23.583037,1,50,1,224
-46.071753,-23.810789,1,50,2,48
-46.658481,-23.600315,1,50,1,311
-46.658568,-23.581287,1,50,1,298
-46.452834,-23.486337,1,50,1,2
-46.452978,-23.486328,1,50,1,182
-46.716922,-23.601128,1,50,1,260
-46.669328,-23.554614,1,50,1,292
-46.650463,-23.596144,1,50,1,4
-46.675397,-23.609846,1,50,1,326
-46.450512,-23.624763,1,50,1,1
-46.448967,-23.620928,1,50,1,225
-46.475910,-23.519084,1,50,1,351
-46.476578,-23.515770,1,50,1,173
-46.619332,-23.625336,1,50,1,342
-46.711956,-23.561613,1,50,1,177
-46.525291,-23.548974,1,50,1,147
-46.633763,-23.626622,1,50,1,77
-46.529226,-23.599517,1,50,1,291
-46.481530,-23.541607,1,50,1,281
-46.481578,-23.541708,1,50,1,110
-46.525028,-23.549111,1,50,1,147
-46.691526,-23.524954,1,50,1,90
-46.605183,-23.482285,1,50,1,73
-46.663887,-23.585204,1,50,1,186
-46.631011,-23.504001,1,50,1,94
-46.589659,-23.518151,1,50,1,215
-46.647438,-23.547182,1,50,1,340
-46.736943,-23.636506,1,50,1,356
-46.534865,-23.583535,1,50,2,145
-46.653952,-23.462402,1,50,1,213
-46.479884,-23.517531,1,50,1,59
-46.481514,-23.890821,1,50,1,216
-46.462613,-23.416845,1,50,2,63
-46.793575,-23.638886,1,50,2,47
-46.625716,-23.498463,1,50,1,172
-46.628906,-23.500225,1,50,1,273
-46.632309,-23.539519,1,50,1,285
-46.681902,-23.555741,1,50,1,58
-46.685736,-23.578968,1,50,1,330
-46.520505,-23.531305,1,50,1,253
-46.461140,-23.598482,1,50,1,103
-46.732545,-23.536476,1,50,1,141
-46.688614,-23.628198,1,50,1,33
-46.753914,-23.474921,1,50,2,141
-46.492452,-23.580183,1,50,1,323
-46.408411,-23.419007,1,50,2,168
-46.661166,-23.569135,1,50,1,221
-46.673474,-23.553080,1,50,1,113
-46.680620,-23.554590,1,50,1,226
-46.646380,-23.539597,1,50,1,12
-46.530659,-23.599280,1,50,1,109
-46.447149,-23.544536,1,50,1,341
-46.687062,-23.560870,1,50,1,237
-46.465154,-23.498641,1,50,1,251
-46.678316,-23.563901,1,50,1,146
-46.677359,-23.564733,1,50,1,310
-46.533075,-23.531363,1,50,1,272
-46.636604,-23.596484,1,50,1,1
-46.771797,-23.687644,1,50,1,38
-46.460682,-23.598508,1,50,1,270
-46.697201,-23.622358,1,50,1,323
-46.697227,-23.622555,1,50,1,143
-46.739092,-23.637812,1,50,1,286
-46.739120,-23.637885,1,50,1,110
-46.653999,-23.586701,1,50,1,130
-46.635950,-23.668699,1,50,1,143
-46.473538,-23.612177,1,50,1,120
-46.675026,-23.539073,1,50,1,207
-46.685847,-23.599231,1,50,1,301
-46.625335,-23.577531,1,50,1,190
-46.622020,-23.569004,1,50,1,10
-46.593809,-23.606331,1,50,1,137
-46.750548,-23.490497,1,50,1,195
-46.683700,-23.524313,1,50,1,302
-46.665672,-23.587198,1,50,1,126
-46.758661,-23.606313,1,50,1,117
-46.646664,-23.569538,1,50,1,130
-46.646640,-23.569388,1,50,1,309
-46.733511,-23.621966,1,50,1,8
-46.733688,-23.622218,1,50,1,196
-46.711151,-23.551490,1,50,1,315
-46.714771,-23.548640,1,50,1,135
-46.679241,-23.520879,1,50,1,1
-46.679355,-23.521252,1,50,1,182
-46.688318,-23.753436,1,50,1,125
-46.688258,-23.753395,1,50,1,305
-46.788082,-23.536894,1,50,1,182
-46.706756,-23.743102,1,50,1,205
-46.698177,-23.570426,1,50,1,44
-46.701169,-23.717775,1,50,1,264
-46.700852,-23.717918,1,50,1,84
-46.602975,-23.553008,1,50,1,96
-46.629481,-23.518341,1,50,1,280
-46.629513,-23.518491,1,50,1,280
-46.498387,-23.514969,1,50,1,248
-46.730418,-23.538406,1,50,1,320
-46.737454,-23.624155,1,50,1,165
-46.650432,-23.566652,1,50,1,127
-46.296138,-23.535601,1,50,1,82
-46.630537,-23.500189,1,50,1,89
-46.519967,-23.559833,1,50,1,320
-46.675838,-23.570716,1,50,1,142
-46.584097,-23.593336,1,50,1,321
-46.661077,-23.602175,1,50,1,220
-46.725113,-23.384445,1,50,0,81
-46.682591,-23.549629,1,50,1,93
-46.647612,-23.542057,1,50,1,2
-46.578880,-23.558059,1,50,1,75
-46.638422,-23.614355,1,50,1,192
-46.638283,-23.614582,1,50,1,12
-46.652110,-23.609370,1,50,1,159
-46.662779,-23.578162,1,50,1,134
-46.662221,-23.580251,1,50,1,234
-46.519340,-23.560473,1,50,1,315
-46.519501,-23.560444,1,50,1,135
-46.520136,-23.559859,1,50,1,136
-46.243512,-23.542301,1,50,0,61
-46.491000,-23.612850,1,50,1,85
-46.692584,-23.545229,1,50,1,119
-46.690994,-23.744042,1,50,1,134
-46.687376,-23.523138,1,50,1,281
-46.624539,-23.494782,1,50,1,153
-46.494279,-23.514156,1,50,1,87
-46.670108,-23.584175,1,50,1,37
-46.666377,-23.581869,1,50,1,239
-46.575732,-23.583926,1,50,1,66
-46.472242,-23.503721,1,50,1,48
-46.577799,-23.584284,1,50,1,260
-46.615475,-23.558381,1,50,1,296
-46.615888,-23.558657,1,50,1,112
-46.679999,-23.595924,1,50,1,165
-46.647872,-23.542274,1,50,1,181
-46.625989,-23.604763,1,50,1,21
-46.675610,-23.597815,1,50,1,260
-46.655899,-23.491516,1,50,1,43
-46.645591,-23.610424,1,50,1,327
-46.645498,-23.610678,1,50,1,148
-46.658463,-23.600496,1,50,1,131
-46.629246,-23.625782,1,50,1,196
-46.709875,-23.566663,1,50,1,118
-46.709783,-23.566491,1,50,1,299
-46.525709,-23.547822,1,50,1,316
-46.635973,-23.668253,1,50,1,329
-46.478531,-23.620037,1,50,1,181
-46.556885,-23.430265,1,50,1,279
-46.470864,-23.614398,1,50,1,317
-46.654745,-23.609675,1,50,1,220
-46.636785,-23.599999,1,50,1,179
-46.661954,-23.580357,1,50,1,66
-46.332151,-23.961328,1,50,1,186
-46.522669,-23.617586,1,50,1,190
-46.523249,-23.620555,1,50,1,16
-46.654327,-23.514120,1,50,1,70
-46.637497,-23.556107,1,50,1,279
-46.637532,-23.556208,1,50,1,101
-46.664734,-23.594749,1,50,1,163
-46.675485,-23.540232,1,50,1,26
-46.693124,-23.544833,1,50,1,310
-46.425903,-23.513543,1,50,1,121
-46.308694,-23.980665,1,50,1,150
-46.328013,-23.971060,1,50,1,290
-46.358041,-23.933035,1,50,1,60
-46.752897,-23.675976,1,50,1,94
-46.754787,-23.675563,1,50,1,283
-46.854268,-23.655520,1,50,0,128
-46.446146,-23.459036,1,50,1,272
-46.678149,-23.597669,1,50,1,116
-46.652717,-23.564477,1,50,1,313
-46.526266,-23.513428,1,50,1,252
-46.697907,-23.732709,1,50,1,25
-46.699736,-23.709368,1,50,2,168
-46.710106,-23.750105,1,50,1,213
-46.767359,-23.682164,1,50,1,226
-46.737928,-23.670061,1,50,1,253
-46.329956,-23.510821,1,50,1,157
-46.329744,-23.511260,1,50,1,337
-46.550952,-23.688795,1,50,1,9
-46.551145,-23.688899,1,50,1,187
-46.609565,-23.503230,1,50,1,299
-46.602490,-23.688507,1,50,1,75
-46.661971,-23.587832,1,50,1,267
-46.752026,-23.645634,1,50,1,63
-46.331498,-23.956936,1,50,1,7
-46.193580,-23.531540,1,50,1,358
-46.193626,-23.531048,1,50,1,176
-46.583559,-23.757289,1,50,1,270
-46.584886,-23.711732,1,50,1,270
-46.822485,-23.014592,1,50,1,66
-46.822507,-23.014549,1,50,1,241
-46.748497,-23.644168,1,50,1,54
-46.912060,-23.441857,1,50,1,18
-46.891878,-23.424156,1,50,1,8
-46.568019,-23.668410,1,50,1,162
-46.567779,-23.668647,1,50,1,342
-46.592110,-23.587320,1,50,1,261
-46.818596,-23.143752,1,50,1,16
-46.818478,-23.143223,1,50,1,188
-46.832467,-23.645690,1,50,1,356
-46.672798,-23.585902,1,50,1,244
-46.671019,-23.585423,1,50,1,74
-46.368760,-23.945590,1,50,1,36
-46.843870,-23.706374,1,50,0,170
-46.373895,-23.940905,1,50,1,304
-46.463858,-23.764116,1,60,1,53
-46.574779,-23.709462,1,60,1,164
-46.574529,-23.709363,1,60,1,344
-46.328656,-23.425010,1,60,0,181
-46.361104,-23.417694,1,60,1,330
-46.889537,-23.193230,1,60,1,347
-46.611401,-23.684770,1,60,1,257
-46.858628,-23.476101,1,60,1,324
-46.877492,-23.479046,1,60,1,334
-46.891544,-23.456381,1,60,1,150
-46.851398,-23.467690,1,60,1,107
-46.833399,-23.482512,1,60,1,226
-46.877731,-23.478812,1,60,1,149
-46.858320,-23.481859,1,60,1,190
-46.866051,-23.474383,1,60,1,107
-46.888683,-23.458061,1,60,1,292
-46.884183,-23.459728,1,60,1,293
-46.240001,-23.542235,1,60,1,89
-46.347154,-23.458774,1,60,1,256
-46.225886,-23.538083,1,60,1,76
-46.241686,-23.542196,1,60,1,268
-46.842780,-23.641667,1,60,1,242
-46.788343,-23.519559,1,60,1,5
-46.307456,-23.959105,1,60,1,143
-46.404533,-23.992680,1,60,1,229
-46.404443,-23.992784,1,60,1,49
-46.926574,-23.515171,1,60,1,265
-46.433549,-23.377489,1,60,0,39
-46.413829,-23.088004,1,60,1,232
-46.747260,-23.519185,1,60,1,213
-46.256089,-23.562619,1,60,0,175
-46.255232,-23.607543,1,60,0,175
-46.796693,-23.199233,1,60,2,9
-46.950620,-23.412804,1,60,2,160
-46.932907,-23.521069,1,60,1,56
-46.655087,-23.610245,1,60,1,220
-46.814083,-23.517326,1,60,1,218
-46.232383,-23.288464,1,60,0,17
-46.732207,-23.516809,1,60,1,250
-46.542545,-23.618505,1,60,1,348
-46.270937,-23.541259,1,60,1,288
-46.267829,-23.542296,1,60,1,108
-46.599286,-23.526804,1,60,1,132
-46.710664,-23.509388,1,60,1,93
-46.061753,-23.339418,1,60,1,345
-46.779749,-23.553619,1,60,1,234
-46.791642,-23.526995,1,60,1,189
-46.779560,-23.553834,1,60,1,47
-46.749408,-23.373893,1,60,0,166
-46.213863,-23.506122,1,60,1,108
-46.213817,-23.506036,1,60,1,289
-46.658832,-23.337751,1,60,1,69
-46.658851,-23.337668,1,60,1,249
-46.600253,-23.327084,1,60,2,59
-46.453833,-23.683338,1,60,1,168
-46.495663,-23.435906,1,60,1,189
-46.215527,-23.505494,1,60,1,281
-46.215562,-23.505597,1,60,1,108
-46.441151,-23.739607,1,60,2,55
-46.458051,-23.759956,1,60,2,53
-46.463468,-23.763773,1,60,1,235
-46.942067,-23.111442,1,60,2,163
-46.809565,-23.000423,1,60,2,53
-46.404372,-23.720122,1,60,0,40
-46.061872,-23.429264,1,60,2,22
-46.711229,-23.557552,1,60,1,297
-46.650924,-23.597924,1,60,1,185
-46.950915,-23.059009,1,60,2,152
-46.700041,-23.572336,1,60,1,310
-46.810989,-23.303586,1,60,1,23
-46.810893,-23.303238,1,60,1,202
-46.594538,-23.530153,1,60,1,113
-46.676829,-23.514847,1,60,1,100
-46.661434,-23.514919,1,60,1,278
-46.722790,-23.513646,1,60,1,65
-46.375402,-23.066338,1,60,1,53
-46.375487,-23.066266,1,60,1,233
-46.994340,-23.172366,1,60,1,110
-46.831582,-23.014357,1,60,2,95
-46.780255,-23.298449,1,60,0,59
-46.758309,-23.306043,1,60,2,96
-46.700957,-23.613422,1,60,1,191
-46.700171,-23.572438,1,60,1,303
-46.595451,-23.526843,1,60,1,292
-46.675851,-23.513090,1,60,1,278
-46.804829,-23.281971,1,60,0,124
-46.107174,-23.668658,1,60,2,132
-46.125370,-23.635040,1,60,1,285
-46.125384,-23.635101,1,60,1,105
-46.647673,-23.516875,1,60,1,277
-46.393500,-23.638086,1,60,2,117
-46.727563,-23.647903,1,60,1,171
-46.724360,-23.649431,1,60,1,324
-46.914809,-23.453221,1,60,1,210
-46.914733,-23.453249,1,60,1,30
-46.909262,-23.459767,1,60,1,133
-46.157963,-23.835829,1,60,2,73
-46.469340,-23.109295,1,60,0,60
-46.743244,-23.141513,1,60,0,19
-46.774116,-23.175068,1,60,2,32
-46.675467,-23.049277,1,60,2,29
-46.701554,-23.079856,1,60,2,55
-46.720718,-23.576052,1,60,1,54
-46.086213,-23.566287,1,60,1,91
-46.086209,-23.566144,1,60,1,259
-46.228693,-23.491101,1,60,1,272
-46.554928,-23.519102,1,60,1,2
-46.738035,-23.339806,1,60,0,48
-46.730229,-23.386155,1,60,2,292
-46.044829,-23.371004,1,60,2,92
-46.374881,-23.658134,1,60,2,38
-46.222159,-23.503826,1,60,1,111
-46.605283,-23.523606,1,60,1,88
-46.613494,-23.520619,1,60,1,310
-46.564971,-23.523002,1,60,1,254
-46.051379,-23.395833,1,60,0,167
-46.494885,-23.435837,1,60,1,10
-46.493224,-23.451652,1,60,1,160
-46.474247,-23.663129,1,60,1,84
-46.252080,-23.544925,1,60,1,99
-46.252072,-23.544839,1,60,1,279
-46.485422,-23.657557,1,60,1,83
-46.475681,-23.659685,1,60,2,115
-46.226135,-23.980287,1,60,1,45
-46.843626,-23.642188,1,60,1,61
-46.181737,-23.957726,1,60,1,56
-46.782563,-23.559528,1,60,1,16
-46.866802,-23.698744,1,60,1,214
-46.985883,-23.015182,1,60,1,162
-46.008580,-23.306714,1,60,1,294
-46.711159,-23.557456,1,60,1,298
-46.736167,-23.518586,1,60,1,92
-46.561998,-23.662425,1,60,1,228
-46.562045,-23.662570,1,60,1,61
-46.531688,-23.456377,1,60,1,320
-46.690623,-23.586552,1,60,1,358
-46.709425,-23.664846,1,60,1,144
-46.397016,-23.986320,1,60,1,48
-46.791302,-23.213192,1,60,0,158
-46.134488,-23.475563,1,60,1,234
-46.113032,-23.468841,1,60,0,59
-46.637834,-23.556385,1,60,1,199
-46.531517,-23.456759,1,60,1,139
-46.301928,-23.521875,1,60,1,53
-46.168812,-23.505600,1,60,1,239
-46.649610,-23.581178,1,60,1,52
-46.354312,-23.400401,1,60,1,100
-46.439024,-23.094391,1,60,1,255
-46.494351,-23.430445,1,60,1,7
-46.469654,-23.677780,1,60,1,359
-46.469834,-23.672806,1,60,1,185
-46.470002,-23.678306,1,60,1,179
-46.469586,-23.685206,1,60,1,359
-46.818025,-23.529941,1,60,1,9
-46.547437,-23.729321,1,60,1,327
-46.704681,-23.566854,1,60,1,163
-46.583597,-23.316951,1,60,2,221
-46.768454,-23.534547,1,60,1,112
-46.768387,-23.534440,1,60,1,292
-46.583865,-23.638885,1,60,1,165
-46.325130,-23.523508,1,60,1,310
-46.414702,-23.919073,1,60,1,307
-46.330072,-23.405711,1,60,1,162
-46.329832,-23.405479,1,60,1,342
-46.364197,-23.489036,1,60,1,146
-46.365649,-23.407383,1,60,2,16
-46.354568,-23.400315,1,60,1,277
-46.344594,-23.400426,1,60,2,250
-46.720327,-23.637147,1,60,1,41
-46.494221,-23.552584,1,60,1,135
-46.650692,-23.518043,1,60,1,99
-46.698482,-23.507133,1,60,1,263
-46.874926,-23.222414,1,60,1,12
-46.808187,-23.207940,1,60,1,266
-46.807757,-23.208258,1,60,1,85
-46.697177,-23.607281,1,60,1,14
-46.326267,-23.876901,1,60,1,90
-46.339366,-23.873540,1,60,1,249
-46.559345,-23.690395,1,60,1,115
-46.818104,-23.530192,1,60,1,189
-46.454026,-23.682606,1,60,1,345
-46.474098,-23.663001,1,60,1,264
-46.607901,-23.684467,1,60,1,73
-46.494533,-23.430026,1,60,1,187
-46.539453,-23.628775,1,60,1,156
-46.496623,-23.655641,1,60,1,240
-46.773896,-23.525856,1,60,1,190
-46.987056,-23.612166,1,60,1,270
-46.656795,-23.612230,1,60,1,41
-46.263280,-23.543223,1,60,1,99
-46.558899,-23.505204,1,60,1,174
-46.704917,-23.624272,1,60,1,71
-46.786554,-23.204456,1,60,1,144
-46.558698,-23.504934,1,60,1,355
-46.703476,-23.564088,1,60,1,340
-46.542292,-23.441484,1,60,1,123
-46.449540,-23.099392,1,60,0,61
-46.961213,-23.092864,1,60,2,64
-46.376467,-23.484493,1,60,1,258
-46.493597,-23.450064,1,60,1,340
-46.183884,-23.938648,1,60,2,98
-46.813725,-23.002447,1,60,0,62
-46.930660,-23.087735,1,60,1,61
-46.977185,-23.036462,1,60,1,141
-46.976264,-23.037217,1,60,1,321
-46.969626,-23.615355,1,60,1,95
-46.693203,-23.711417,1,60,1,0
-46.369238,-23.485852,1,60,1,275
-46.639928,-23.562648,1,60,1,6
-46.547573,-23.729284,1,60,1,149
-46.773558,-23.526021,1,60,1,10
-46.542812,-23.681921,1,60,1,236
-46.191525,-23.560436,1,60,1,143
-46.279936,-23.541314,1,60,1,267
-46.742843,-23.539662,1,60,1,134
-46.223187,-23.526432,1,60,1,151
-46.134340,-23.475495,1,60,1,52
-46.516345,-23.652077,1,60,1,270
-46.583825,-23.638771,1,60,1,345
-46.795810,-23.526762,1,60,1,275
-46.650012,-23.581268,1,60,1,231
-46.696867,-23.574683,1,60,1,317
-46.589450,-23.676795,1,60,1,90
-46.397024,-23.986285,1,60,1,228
-46.223154,-23.526417,1,60,1,325
-46.324991,-23.523722,1,60,1,130
-46.196799,-23.555347,1,60,1,285
-46.782709,-23.559578,1,60,1,196
-46.458939,-23.882572,1,60,1,48
-46.450290,-23.880263,1,60,1,130
-46.168611,-23.505588,1,60,1,58
-46.784010,-23.521361,1,60,1,282
-46.530314,-23.658766,1,60,1,154
-46.651384,-23.604140,1,60,1,5
-46.801478,-23.525626,1,60,1,118
-46.985786,-23.014857,1,60,1,342
-46.544308,-23.635126,1,60,1,151
-46.302019,-23.521814,1,60,1,235
-46.410726,-23.716701,1,60,1,315
-46.548670,-23.652686,1,60,1,1
-46.777236,-23.523331,1,60,1,85
-46.821577,-23.202583,1,60,1,212
-46.263325,-23.543127,1,60,1,279
-46.279931,-23.541401,1,60,1,87
-46.299911,-23.537422,1,60,1,292
-46.691875,-23.509337,1,70,1,102
-46.706616,-23.624543,1,70,1,71
-46.592181,-23.638259,1,70,1,310
-46.677356,-23.514556,1,70,1,109
-46.661523,-23.515137,1,70,1,278
-46.596405,-23.630929,1,70,1,350
-46.472563,-23.690648,1,70,1,36
-46.469804,-23.685380,1,70,1,179
-46.598893,-23.526992,1,70,1,131
-46.613603,-23.520707,1,70,1,310
-46.694401,-23.593530,1,70,1,203
-46.645372,-23.517282,1,70,1,277
-46.595454,-23.526984,1,70,1,292
-46.698438,-23.507342,1,70,1,262
-46.632135,-23.647209,1,70,1,200
-46.636865,-23.519320,1,70,1,88
-46.631667,-23.646712,1,70,1,21
-46.736098,-23.518495,1,70,1,90
-46.713741,-23.507588,1,70,1,273
-46.493830,-23.435760,1,70,1,190
-46.582431,-23.314512,1,80,1,183
-46.912738,-23.602725,1,80,1,74
-46.930688,-23.837679,1,80,1,200
-46.790236,-23.248309,1,80,2,179
-46.246003,-23.456237,1,80,1,358
-46.246089,-23.456231,1,80,1,178
-46.587775,-23.289067,1,80,1,129
-46.554148,-23.368875,1,80,1,64
-46.569282,-23.388129,1,80,1,351
-46.556044,-23.349170,1,80,1,250
-46.564843,-23.384665,1,80,1,163
-46.900767,-23.600131,1,80,1,83
-46.900904,-23.600036,1,80,1,262
-46.929460,-23.602527,1,80,1,257
-46.930120,-23.602659,1,80,1,94
-46.283651,-23.931807,1,80,1,343
-46.284149,-23.930595,1,80,1,164
-46.846971,-23.087969,1,80,1,7
-46.866650,-23.698855,1,80,1,37
-46.416772,-23.945871,1,80,1,325
-46.296331,-23.398022,1,80,1,83
-46.241458,-23.169307,1,80,1,50
-46.524714,-23.912147,1,80,1,43
-46.575834,-23.401505,1,80,1,160
-46.917629,-23.081270,1,80,1,275
-46.231639,-23.483238,1,80,1,359
-46.169418,-23.596105,1,80,0,157
-46.041069,-23.769335,1,80,0,51
-46.464242,-23.901939,1,80,1,111
-46.698610,-23.507573,1,90,1,268
-46.611492,-23.523407,1,90,1,111
-46.675069,-23.513664,1,90,1,278
-46.593379,-23.638263,1,90,1,135
-46.551935,-23.493240,1,90,1,52
-46.538132,-23.483708,1,90,1,235
-46.499104,-23.465109,1,90,1,68
-46.724457,-23.649776,1,90,1,326
-46.716742,-23.630183,1,90,1,225
-46.697496,-23.607426,1,90,1,14
-46.717165,-23.556539,1,90,1,118
-46.667687,-23.515635,1,90,1,97
-46.691655,-23.509183,1,90,1,102
-46.742679,-23.539526,1,90,1,134
-46.706715,-23.509279,1,90,1,86
-46.555151,-23.519175,1,90,1,1
-46.564572,-23.523197,1,90,1,255
-46.613679,-23.520822,1,90,1,310
-46.734889,-23.583448,1,90,1,245
-46.778759,-23.583629,1,90,1,84
-46.884269,-23.600344,1,90,1,105
-46.795522,-23.589441,1,90,1,238
-46.812978,-23.590709,1,90,1,306
-46.856177,-23.598452,1,90,1,277
-46.769073,-23.583745,1,90,1,300
-46.895209,-23.599483,1,90,1,80
-46.821557,-23.591312,1,90,1,109
-46.838649,-23.594065,1,90,1,241
-46.895990,-23.599464,1,90,1,262
-46.721238,-23.637712,1,90,1,40
-46.598741,-23.526891,1,90,1,131
-46.793883,-23.588626,1,90,1,58
-46.570966,-23.526774,1,90,1,81
-46.661552,-23.515349,1,90,1,278
-46.595087,-23.528575,1,90,1,306
-46.701550,-23.617878,1,90,1,190
-46.746139,-23.534559,1,90,1,314
-46.711120,-23.557858,1,90,1,301
-46.699116,-23.574896,1,90,1,136
-46.736186,-23.518244,1,90,1,92
-46.646759,-23.518293,1,90,1,98
-46.724530,-23.512948,1,90,1,235
-46.736033,-23.517247,1,90,1,272
-46.645651,-23.517436,1,90,1,279
-46.677555,-23.514367,1,90,1,103
-46.431140,-23.437341,1,90,1,70
-46.826952,-23.508316,1,100,1,98
-46.432031,-23.708546,1,100,1,40
-46.399480,-23.676872,1,100,1,25
-46.394613,-23.665954,1,100,1,200
-46.500903,-23.886690,1,100,1,242
-46.668404,-23.800471,1,100,1,36
-46.811629,-23.717195,1,100,1,137
-46.561896,-23.898886,1,100,1,342
-46.543213,-23.763258,1,100,1,282
-46.567199,-23.757078,1,100,1,69
-46.512417,-23.874702,1,100,1,48
-46.744593,-23.798894,1,100,1,116
-46.797575,-23.753650,1,100,1,118
-46.089119,-23.256366,1,100,1,44
-46.522897,-23.916671,1,100,1,235
-46.977574,-23.083190,1,100,1,149
-46.563319,-23.895787,1,100,1,163
-46.777572,-23.520496,1,100,1,90
-46.879389,-23.221043,1,100,1,322
-46.524652,-23.784706,1,110,1,313
-46.711535,-23.036181,1,110,1,99
-46.256266,-23.378883,1,110,1,54
-46.538555,-23.484128,1,110,1,235
-46.402757,-23.927100,1,110,1,293
-46.632960,-23.664355,1,110,1,354
-46.771539,-23.004311,1,110,1,104
-46.024405,-23.337618,1,110,1,170
-46.538931,-23.484493,1,110,1,55
-46.317125,-23.178541,1,110,1,84
-46.553107,-23.098768,1,110,1,266
-46.686743,-23.037886,1,110,1,101
-46.342680,-23.409449,1,110,1,254
-46.574114,-23.510398,1,110,1,221
-46.111970,-23.321803,1,110,1,269
-46.107150,-23.249555,1,110,1,132
-46.421215,-23.468175,1,110,1,271
-46.406152,-23.852951,1,110,1,42
-46.406566,-23.853205,1,110,1,222
-46.431216,-23.437234,1,110,1,70
-46.960233,-23.516767,1,120,1,294
-46.597967,-23.782581,1,120,1,189
-46.077403,-23.359643,1,120,1,260
-46.496144,-23.473569,1,120,1,65
-46.311581,-23.444100,1,120,1,257
-46.204923,-23.419772,1,120,1,227
-46.956904,-23.154020,1,120,1,140
-46.847715,-23.284679,1,120,1,355
-46.947394,-23.162541,1,120,1,315
-46.594532,-23.753619,1,120,1,160
-46.571990,-23.870660,1,120,1,163
-46.994137,-23.483030,1,120,1,325
-46.550216,-23.117116,5,30,1,90
-46.571388,-23.610348,5,30,1,289
-46.519860,-23.628018,5,30,1,224
-46.502009,-23.705974,5,30,2,115
-46.043428,-23.750230,5,40,2,151
-46.519445,-23.664173,5,40,1,345
-46.565900,-23.698137,5,40,1,301
-46.564431,-23.701401,5,40,1,61
-46.540384,-23.710214,5,40,1,21
-46.541411,-23.711618,5,40,1,40
-46.535563,-23.704508,5,40,2,136
-46.594672,-23.664974,5,40,1,294
-46.593721,-23.665575,5,40,1,205
-46.540350,-23.694875,5,40,2,11
-46.579686,-23.755899,5,40,2,128
-46.562044,-23.675084,5,40,1,90
-46.575724,-23.718477,5,40,1,270
-46.571452,-23.723925,5,40,1,63
-46.535104,-23.736948,5,40,1,129
-46.576787,-23.729929,5,40,2,166
-46.276429,-23.994669,5,40,1,312
-46.276508,-23.994685,5,40,1,132
-46.541233,-23.710169,5,40,1,208
-46.609560,-23.665329,5,40,2,33
-46.580651,-23.734512,5,40,1,217
-46.567200,-23.723762,5,40,2,88
-46.574270,-23.657236,5,40,1,178
-46.565637,-23.705204,5,40,2,89
-46.548650,-23.709773,5,40,1,172
-46.540364,-23.704038,5,40,2,123
-46.535598,-23.706791,5,40,2,120
-46.645672,-23.554290,5,40,1,355
-46.514707,-23.636376,5,40,1,52
-46.706707,-23.593865,5,40,1,212
-46.653624,-23.605356,5,40,1,338
-46.619017,-23.688580,5,40,1,327
-46.539958,-23.692608,5,40,2,92
-46.206181,-23.510391,5,40,1,148
-46.410148,-23.710258,5,40,1,70
-46.410172,-23.710168,5,40,1,202
-46.413002,-23.999201,5,40,1,164
-46.532019,-23.781987,5,40,2,82
-46.268477,-23.986711,5,40,1,59
-46.571523,-23.723850,5,40,1,238
-46.585378,-23.734776,5,40,1,263
-46.585381,-23.734870,5,40,1,83
-46.587153,-23.672474,5,40,1,295
-46.519382,-23.623902,5,40,1,231
-46.567869,-23.119855,5,40,1,148
-46.556840,-23.106178,5,40,1,218
-46.559193,-23.667692,5,40,1,64
-46.559241,-23.667680,5,40,1,244
-46.576821,-23.720294,5,40,1,269
-46.826127,-23.571538,5,40,2,321
-46.536799,-23.659705,5,40,1,28
-46.550320,-23.747882,5,40,1,271
-46.537813,-23.660894,5,40,1,207
-46.321075,-23.552595,5,40,1,87
-46.592779,-23.705785,5,40,1,228
-46.578919,-23.658880,5,40,1,266
-46.554493,-23.731924,5,40,2,88
-46.548229,-23.747222,5,40,1,49
-46.559299,-23.691188,5,40,1,301
-46.571944,-23.684449,5,40,2,126
-46.595976,-23.669890,5,40,1,205
-46.621164,-23.694971,5,40,1,256
-46.620009,-23.694825,5,40,1,71
-46.266955,-23.987240,5,40,1,238
-46.542292,-23.685953,5,40,1,315
-46.547795,-23.746920,5,40,1,250
-46.564685,-23.707299,5,40,2,89
-46.570170,-23.727358,5,40,2,180
-46.548903,-23.715493,5,40,1,1
-46.556488,-23.105847,5,40,1,38
-46.567788,-23.119847,5,40,1,328
-46.572095,-23.660966,5,40,1,267
-46.578987,-23.715567,5,40,2,178
-46.570370,-23.720472,5,40,1,269
-46.570369,-23.699311,5,40,1,94
-46.584015,-23.649803,5,40,0,162
-46.611786,-23.659947,5,40,2,68
-46.576324,-23.724187,5,40,1,270
-46.571989,-23.725326,5,40,1,270
-46.565819,-23.656723,5,40,2,148
-46.568980,-23.699195,5,40,1,269
-46.566246,-23.720367,5,40,1,269
-46.592601,-23.705757,5,40,1,48
-46.548949,-23.117539,5,40,1,270
-46.571513,-23.707424,5,40,2,269
-46.611793,-23.722696,5,40,1,95
-46.540521,-23.709317,5,40,2,221
-46.542070,-23.709041,5,40,2,27
-46.568041,-23.724305,5,40,1,180
-46.566257,-23.663135,5,40,1,138
-46.366432,-23.539173,5,40,1,231
-46.541701,-23.689561,5,40,1,340
-46.555405,-23.667884,5,40,2,340
-46.321078,-23.552529,5,40,1,270
-46.701539,-23.579547,5,50,1,166
-46.701966,-23.577365,5,50,1,346
-46.605251,-23.667353,5,50,2,38
-46.757700,-23.647340,5,50,1,45
-46.704420,-23.669190,5,50,1,322
-46.712814,-23.609098,5,50,1,22
-46.679178,-23.694798,5,50,1,281
-46.682064,-23.677439,5,50,1,70
-46.636528,-23.593565,5,50,1,1
-46.625472,-23.599662,5,50,1,270
-46.606612,-23.681025,5,50,1,148
-46.652382,-23.614635,5,50,2,339
-46.575832,-23.711581,5,50,1,270
-46.627508,-23.608320,5,50,1,20
-46.671433,-23.645772,5,50,1,332
-46.549544,-23.621691,5,50,1,327
-46.557048,-23.628682,5,50,1,171
-46.677865,-23.636003,5,50,1,327
-46.557582,-23.641899,5,50,1,143
-46.677624,-23.694115,5,50,1,150
-46.688973,-23.669458,5,50,1,338
-46.634891,-23.589639,5,50,1,198
-46.738941,-23.591478,5,50,1,239
-46.652789,-23.593674,5,50,1,42
-46.588585,-23.705034,5,50,2,0
-46.553651,-23.714047,5,50,1,212
-46.678289,-23.635755,5,50,1,147
-46.555102,-23.743898,5,50,1,165
-46.310599,-23.502292,5,50,1,296
-46.582159,-23.648418,5,50,1,87
-46.594781,-23.658941,5,50,1,154
-46.547591,-23.667443,5,50,1,64
-46.552974,-23.658628,5,50,1,58
-46.562663,-23.667367,5,50,2,270
-46.576482,-23.650782,5,50,1,308
-46.552896,-23.100423,5,50,1,228
-46.569269,-23.159614,5,50,1,47
-46.540489,-23.110543,5,50,1,270
-46.567366,-23.650344,5,50,1,285
-46.617289,-23.658546,5,50,2,183
-46.511582,-23.629145,5,50,1,182
-46.723496,-23.581224,5,50,1,64
-46.538886,-23.702510,5,50,2,300
-46.514750,-23.517502,5,50,1,302
-46.697924,-23.720389,5,50,1,345
-46.558739,-23.731854,5,50,1,98
-46.604534,-23.688968,5,50,1,240
-46.586022,-23.648475,5,50,1,135
-46.275253,-23.537525,5,50,2,311
-46.669748,-23.650887,5,50,1,164
-46.685450,-23.628149,5,50,1,221
-46.548906,-23.667997,5,50,1,244
-46.570924,-23.665516,5,50,1,252
-46.218094,-23.516642,5,50,1,86
-46.505472,-23.682096,5,50,1,187
-46.734670,-23.554336,5,50,1,59
-46.505273,-23.682158,5,50,1,12
-46.762240,-23.652400,5,50,1,229
-46.768062,-23.658854,5,50,1,29
-46.563977,-23.727119,5,50,1,49
-46.688234,-23.671074,5,50,1,150
-46.557564,-23.641700,5,50,1,323
-46.357207,-23.463763,5,50,1,133
-46.563821,-23.726939,5,50,1,235
-46.520530,-23.660175,5,50,1,346
-46.149964,-23.511200,5,50,1,91
-46.149964,-23.511145,5,50,1,271
-46.161029,-23.512828,5,50,1,75
-46.161051,-23.512764,5,50,1,255
-46.683040,-23.677712,5,50,1,249
-46.594646,-23.658877,5,50,1,334
-46.310638,-23.502325,5,50,1,117
-46.262882,-23.997812,5,50,1,241
-46.625027,-23.601663,5,50,1,204
-46.262120,-23.988630,5,50,1,106
-46.550092,-23.497274,5,50,1,48
-46.635585,-23.554801,5,50,1,24
-46.661754,-23.623579,5,50,1,176
-46.661606,-23.623485,5,50,1,356
-46.558694,-23.726055,5,50,1,266
-46.552810,-23.100392,5,50,1,48
-46.569336,-23.159622,5,50,1,227
-46.708449,-23.596653,5,50,1,18
-46.575411,-23.649298,5,50,1,320
-46.653545,-23.549819,5,50,1,58
-46.637678,-23.607591,5,50,1,11
-46.546238,-23.698059,5,50,1,276
-46.546154,-23.698177,5,50,1,96
-46.574859,-23.644998,5,50,1,18
-46.575100,-23.645542,5,50,1,198
-46.570674,-23.639436,5,50,1,89
-46.584745,-23.741908,5,50,1,297
-46.585595,-23.741930,5,50,1,80
-46.634279,-23.556481,5,50,1,265
-46.874323,-23.664193,5,50,0,47
-46.635097,-23.556625,5,50,1,95
-46.822671,-23.532508,5,50,1,44
-46.822767,-23.532431,5,50,1,224
-46.638381,-23.560605,5,50,1,207
-46.555383,-23.705425,5,50,1,89
-46.745730,-23.604799,5,50,1,44
-46.678833,-23.580470,5,50,1,83
-46.745336,-23.604227,5,50,1,210
-46.748144,-23.601701,5,50,1,200
-46.723402,-23.580993,5,50,1,247
-46.653915,-23.594699,5,50,1,221
-46.619518,-23.587713,5,50,1,21
-46.678397,-23.575578,5,50,1,42
-46.533513,-23.721988,5,50,1,41
-46.651648,-23.623170,5,50,1,127
-46.619259,-23.586523,5,50,1,206
-46.678211,-23.564334,5,50,1,239
-46.643416,-23.627756,5,50,1,239
-46.628402,-23.610140,5,50,1,181
-46.613573,-23.649044,5,50,1,19
-46.613956,-23.650132,5,50,1,199
-46.486219,-23.534123,5,50,1,342
-46.514922,-23.517653,5,50,1,121
-46.681213,-23.684211,5,50,1,156
-46.681115,-23.684165,5,50,1,336
-46.492164,-23.524933,5,50,1,131
-46.578016,-23.489663,5,50,1,135
-46.675119,-23.407876,5,50,0,5
-46.574002,-23.555762,5,50,1,295
-46.574109,-23.555883,5,50,1,115
-46.543404,-23.705762,5,50,1,204
-46.543197,-23.699334,5,50,1,137
-46.555169,-23.743348,5,50,1,344
-46.576119,-23.711750,5,50,1,91
-46.614370,-23.581725,5,50,1,213
-46.692433,-23.604231,5,50,1,19
-46.690570,-23.571590,5,50,1,140
-46.690418,-23.571507,5,50,1,330
-46.642726,-23.627484,5,50,1,58
-46.678708,-23.564741,5,50,1,60
-46.671619,-23.587263,5,50,1,196
-46.671152,-23.586368,5,50,1,21
-46.679166,-23.605087,5,50,1,337
-46.894967,-23.208904,5,60,1,304
-46.868936,-23.239734,5,60,1,354
-46.141916,-23.485023,5,60,1,175
-46.143960,-23.489371,5,60,1,209
-46.147476,-23.492489,5,60,1,76
-46.141865,-23.484899,5,60,1,355
-46.574703,-23.649636,5,60,0,1
-46.699729,-23.618216,5,60,1,13
-46.735249,-23.546930,5,60,1,133
-46.667406,-23.514249,5,60,1,277
-46.713535,-23.629791,5,60,1,41
-46.694190,-23.599431,5,60,1,36
-46.728087,-23.516621,5,60,1,57
-46.478736,-23.659147,5,60,1,115
-46.590337,-23.690446,5,60,1,160
-46.626378,-23.681412,5,60,1,345
-46.566866,-23.727976,5,60,1,28
-46.564176,-23.725775,5,60,1,272
-46.582428,-23.667023,5,60,1,116
-46.825583,-23.206507,5,60,1,15
-46.557543,-23.742938,5,60,1,240
-46.674101,-23.366141,5,60,1,67
-46.688628,-23.510131,5,60,1,102
-46.666249,-23.516184,5,60,1,93
-46.551958,-23.508188,5,60,1,51
-46.575209,-23.525360,5,60,1,273
-46.579343,-23.527574,5,60,1,75
-46.725426,-23.644698,5,60,1,7
-46.575763,-23.666598,5,60,1,263
-46.160145,-23.500545,5,60,1,57
-46.683168,-23.509403,5,60,1,293
-46.602895,-23.681749,5,60,1,238
-46.509098,-23.653448,5,60,1,119
-46.494141,-23.654108,5,60,1,28
-46.746335,-23.507140,5,60,1,270
-46.579893,-23.694150,5,60,1,8
-46.917289,-23.801651,5,60,1,209
-46.876707,-23.209662,5,60,1,120
-46.566779,-23.664368,5,60,1,72
-46.861451,-23.190777,5,60,1,139
-46.874843,-23.215167,5,60,1,196
-46.801356,-23.202531,5,60,1,237
-46.271220,-23.967080,5,60,1,162
-46.692381,-23.587415,5,60,1,193
-46.858395,-23.191319,5,60,1,253
-46.558604,-23.690643,5,60,1,301
-46.581284,-23.618222,5,60,1,189
-46.527790,-23.646171,5,60,1,327
-46.495576,-23.730260,5,60,2,191
-46.498543,-23.717095,5,60,0,157
-46.229873,-23.981712,5,60,1,258
-46.229883,-23.981910,5,60,1,75
-46.269862,-23.979947,5,60,1,338
-46.321777,-23.879536,5,60,1,150
-46.569120,-23.649570,5,60,1,106
-46.582095,-23.703089,5,60,1,169
-46.530739,-23.659270,5,60,1,295
-46.530700,-23.662603,5,60,1,211
-46.581630,-23.620149,5,60,1,188
-46.560625,-23.693661,5,60,1,6
-46.560765,-23.693642,5,60,1,186
-46.572242,-23.602877,5,60,1,125
-46.847680,-23.202764,5,60,1,81
-46.712582,-23.507517,5,60,1,275
-46.577677,-23.699250,5,60,1,167
-46.538142,-23.657986,5,60,1,235
-46.576701,-23.650725,5,60,1,138
-46.544724,-23.722487,5,60,1,90
-46.540934,-23.722128,5,60,1,81
-46.728785,-23.548427,5,60,1,301
-46.578968,-23.644870,5,60,1,316
-46.616744,-23.681273,5,60,2,33
-46.557488,-23.743080,5,60,1,60
-46.535351,-23.645577,5,60,1,333
-46.520308,-23.657222,5,60,1,132
-46.626872,-23.680311,5,60,1,165
-46.577112,-23.700486,5,60,1,347
-46.542244,-23.621561,5,60,1,169
-46.563187,-23.608857,5,60,1,124
-46.154261,-23.496810,5,60,1,65
-46.565906,-23.726620,5,60,1,232
-46.565151,-23.726467,5,60,1,53
-46.547425,-23.686798,5,60,1,10
-46.547613,-23.686478,5,60,1,178
-46.543005,-23.722271,5,60,1,264
-46.601173,-23.682069,5,60,1,250
-46.601079,-23.682216,5,60,1,45
-46.517482,-23.659972,5,60,1,139
-46.584023,-23.666313,5,60,1,116
-46.583927,-23.666186,5,60,1,296
-46.485546,-23.630260,5,60,1,196
-46.270571,-23.979270,5,60,1,128
-46.563903,-23.670869,5,60,1,79
-46.552279,-23.730905,5,60,1,191
-46.538480,-23.658344,5,60,1,54
-46.542991,-23.733605,5,60,1,134
-46.536680,-23.667854,5,60,1,54
-46.543567,-23.615618,5,60,1,168
-46.503785,-23.655046,5,60,1,291
-46.503265,-23.655735,5,60,1,111
-46.547332,-23.607423,5,60,1,148
-46.539153,-23.628515,5,60,1,335
-46.552174,-23.732195,5,60,1,2
-46.581137,-23.618221,5,60,1,11
-46.486702,-23.638078,5,60,1,196
-46.580526,-23.707301,5,60,1,333
-46.579367,-23.709781,5,60,1,154
-46.578536,-23.615142,5,60,1,272
-46.524707,-23.650097,5,60,1,225
-46.575025,-23.659737,5,60,1,180
-46.323988,-23.528866,5,60,1,111
-46.154356,-23.496797,5,60,1,245
-46.887464,-23.177683,5,60,1,122
-46.486518,-23.638143,5,60,1,16
-46.530618,-23.644747,5,60,1,297
-46.323104,-23.525106,5,60,1,308
-46.530523,-23.662720,5,60,1,31
-46.525565,-23.650689,5,60,1,45
-46.582307,-23.625149,5,60,1,8
-46.583662,-23.633516,5,60,1,45
-46.581936,-23.642167,5,60,1,306
-46.524774,-23.663467,5,60,1,313
-46.527205,-23.661633,5,60,1,133
-46.593864,-23.684479,5,60,1,330
-46.627391,-23.677602,5,60,1,348
-46.530653,-23.645130,5,60,1,118
-46.532398,-23.642993,5,60,1,330
-46.343762,-23.507108,5,60,1,134
-46.579546,-23.608597,5,60,1,10
-46.546263,-23.700876,5,60,1,118
-46.532863,-23.642940,5,60,1,151
-46.914775,-23.149187,5,70,1,170
-46.912479,-23.154812,5,70,1,160
-46.582361,-23.646839,5,70,1,332
-46.985137,-23.155788,5,70,2,130
-46.584613,-23.644018,5,70,1,315
-46.465579,-23.652105,5,70,1,75
-46.466059,-23.652132,5,70,1,251
-46.667422,-23.515901,5,70,1,98
-46.610452,-23.523905,5,70,1,100
-46.699837,-23.618168,5,70,1,11
-46.470291,-23.655240,5,70,1,46
-46.470546,-23.655243,5,70,1,224
-46.629597,-23.519863,5,70,1,83
-46.469261,-23.666645,5,70,1,330
-46.908804,-23.163199,5,80,1,64
-46.592286,-23.758010,5,80,1,342
-46.886728,-23.155345,5,80,1,77
-46.573169,-23.667421,5,80,1,160
-46.540122,-23.744604,5,80,1,342
-46.469184,-23.480488,5,80,1,121
-46.541424,-23.739308,5,80,1,347
-46.538313,-23.925128,5,80,1,87
-46.914730,-23.797918,5,80,1,23
-46.847062,-23.087906,5,80,1,187
-46.915163,-23.167175,5,80,1,55
-46.386397,-23.849404,5,80,1,103
-46.461666,-23.902288,5,80,1,278
-46.948162,-23.172828,5,80,1,62
-46.246594,-23.451912,5,80,1,168
-46.534211,-23.763660,5,80,1,186
-46.541665,-23.739900,5,80,1,163
-46.856179,-23.116745,5,80,1,64
-46.440135,-23.916679,5,80,1,144
-46.546600,-23.730965,5,80,1,325
-46.909550,-23.601781,5,80,1,254
-46.344458,-23.870604,5,80,1,340
-46.532212,-23.771901,5,80,1,321
-46.886803,-23.155178,5,80,1,257
-46.378263,-23.465349,5,80,1,89
-46.824024,-23.319440,5,80,2,33
-46.798850,-23.284855,5,80,1,35
-46.171137,-23.348953,5,80,1,70
-46.484825,-23.779038,5,80,1,52
-46.678676,-23.332728,5,80,1,109
-46.862707,-23.046462,5,80,0,61
-46.856184,-23.116712,5,80,1,244
-46.235234,-23.478925,5,80,1,120
-46.378264,-23.696451,5,80,1,205
-46.395778,-23.713123,5,80,1,52
-46.200504,-23.884888,5,80,1,230
-46.167881,-23.853422,5,80,1,170
-46.555638,-23.920531,5,80,1,175
-46.312396,-23.609191,5,80,1,201
-46.562938,-23.696147,5,80,1,162
-46.906924,-23.074192,5,80,2,218
-46.900889,-23.160385,5,80,1,63
-46.901352,-23.160455,5,80,1,242
-46.957233,-23.178190,5,80,1,58
-46.807449,-23.592847,5,90,1,97
-46.561614,-23.708077,5,90,1,180
-46.841409,-23.597264,5,90,1,52
-46.561366,-23.711821,5,90,1,0
-46.783570,-23.584042,5,90,1,84
-46.566436,-23.683986,5,90,1,344
-46.566887,-23.684574,5,90,1,163
-46.576441,-23.657580,5,90,1,339
-46.551582,-23.725090,5,90,1,138
-46.570564,-23.671993,5,90,1,340
-46.575663,-23.661341,5,90,1,159
-46.783582,-23.583917,5,90,1,265
-46.556967,-23.719464,5,90,1,316
-46.582934,-23.647255,5,90,1,150
-46.798372,-23.591062,5,90,1,243
-46.724439,-23.503750,5,90,1,331
-46.582824,-23.646707,5,90,1,332
-46.581008,-23.518050,5,90,1,41
-46.690765,-23.586549,5,90,1,359
-46.557144,-23.719610,5,90,1,136
-46.872641,-23.595206,5,90,1,284
-46.734280,-23.545145,5,90,1,314
-46.734823,-23.546326,5,90,1,135
-46.571725,-23.669085,5,90,1,340
-46.559920,-23.717016,5,90,1,134
-46.729384,-23.498041,5,90,1,151
-46.559209,-23.497804,5,90,1,233
-46.725536,-23.644483,5,90,1,10
-46.694401,-23.599327,5,90,1,35
-46.895180,-23.208933,5,100,1,304
-46.390179,-23.641501,5,100,1,210
-46.389973,-23.641616,5,100,1,30
-46.575285,-23.142132,5,100,1,354
-46.820560,-23.613427,5,100,1,54
-46.347309,-23.586844,5,100,1,182
-46.573914,-23.155156,5,100,1,354
-46.574070,-23.155152,5,100,1,174
-46.699175,-23.804453,5,100,1,282
-46.807256,-23.726745,5,100,1,20
-46.548137,-23.763096,5,100,1,91
-46.818185,-23.497978,5,100,1,228
-46.450512,-23.711596,5,100,1,57
-46.372441,-23.627218,5,100,1,55
-46.379718,-23.632014,5,100,1,54
-46.820118,-23.552203,5,100,1,165
-46.372596,-23.627063,5,100,1,233
-46.521368,-23.006590,5,100,1,200
-46.394946,-23.657430,5,100,1,350
-46.347034,-23.583296,5,100,1,4
-46.961644,-23.107115,5,100,1,331
-46.817548,-23.509326,5,100,1,278
-46.800658,-23.512864,5,100,1,110
-46.803205,-23.483050,5,100,1,200
-46.869016,-23.240778,5,100,1,354
-46.795128,-23.515224,5,100,1,114
-46.757402,-23.792586,5,100,1,297
-46.817994,-23.498191,5,100,1,46
-46.811128,-23.574098,5,100,1,335
-46.988742,-23.068025,5,100,1,145
-46.824170,-23.673651,5,100,1,334
-46.807361,-23.489363,5,100,1,225
-46.066062,-23.263015,5,100,1,147
-46.474758,-23.899205,5,100,1,253
-46.717468,-23.804438,5,100,1,89
-46.830682,-23.652357,5,100,1,182
-46.810774,-23.706926,5,100,1,332
-46.802015,-23.478072,5,100,1,182
-46.812371,-23.410685,5,100,1,286
-46.933108,-23.517437,5,100,1,83
-46.801719,-23.478071,5,100,1,5
-46.853803,-23.316907,5,100,1,135
-46.439861,-23.916563,5,100,1,324
-46.853986,-23.316671,5,100,1,315
-46.869682,-23.274071,5,100,1,45
-46.858446,-23.301440,5,100,1,132
-46.869811,-23.274071,5,100,1,225
-46.954087,-23.123297,5,100,1,165
-46.855812,-23.306828,5,100,1,193
-46.908375,-23.766425,5,100,1,212
-46.580625,-23.415771,5,100,1,336
-46.510459,-23.802318,5,110,1,173
-46.220286,-23.361769,5,110,1,45
-46.664295,-23.052404,5,110,1,129
-46.664179,-23.052288,5,110,1,309
-46.673121,-23.045668,5,110,1,128
-46.673022,-23.045537,5,110,1,308
-46.633265,-23.083841,5,110,1,330
-46.385339,-23.173427,5,110,1,129
-46.385227,-23.173268,5,110,1,309
-46.200291,-23.185225,5,110,1,309
-46.561317,-23.708606,5,110,1,0
-46.355807,-23.856967,5,110,1,282
-46.465716,-23.950329,5,110,1,199
-46.572002,-23.669287,5,110,1,339
-46.301622,-23.181633,5,110,1,274
-46.184729,-23.408170,5,120,1,37
-46.184925,-23.408032,5,120,1,215
-46.817010,-23.342908,5,120,1,316
-46.761098,-23.423969,5,120,1,176
-46.204106,-23.419321,5,120,1,47
-46.011761,-23.344627,5,120,1,97
-46.011664,-23.344425,5,120,1,288
-46.230785,-23.431179,5,120,1,66
-46.752577,-23.461840,5,120,1,169
-46.840826,-23.299408,5,120,1,353
-46.605280,-23.717528,5,120,1,11
-46.181047,-23.402927,5,120,1,33
-46.578446,-23.835835,5,120,1,348
-46.129525,-23.364435,5,120,1,64
-46.099811,-23.359807,5,120,1,95
-46.926800,-23.204576,5,120,1,161
-46.577962,-23.838983,5,120,1,167
-46.593284,-23.772192,5,120,1,23
-46.988246,-23.122946,5,120,1,134
-46.911500,-23.219622,5,120,1,308
-46.778591,-23.372239,5,120,1,332
-46.580079,-23.830832,5,120,1,167
-46.580379,-23.828490,5,120,1,344
-46.963708,-23.515456,5,120,1,118
-46.932757,-23.185803,5,120,1,341
-46.620977,-23.676924,5,120,1,102
-46.899649,-23.506799,5,120,1,258
-46.990186,-23.120646,5,120,1,315
-46.983866,-23.497671,5,120,1,336
-46.769122,-23.390463,5,120,1,179
-46.778984,-23.372234,5,120,1,152
-46.823336,-23.332759,5,120,1,178
-46.893733,-23.233641,5,120,1,129
-46.782920,-23.634025,3,0,1,300
-46.201505,-23.529238,3,0,1,80
-46.543551,-23.567503,3,0,1,145
-46.659557,-23.569663,3,0,1,225
-46.417487,-23.707859,3,0,1,255
-46.557979,-23.573815,3,0,2,109
-46.572085,-23.579744,3,0,1,359
-46.677125,-23.579362,3,0,1,240
-46.586257,-23.714713,3,0,2,150
-46.425528,-23.895573,3,0,1,285
-46.681640,-23.562455,3,0,1,147
-46.758753,-23.609279,3,0,1,304
-46.600697,-23.597901,3,0,1,175
-46.597368,-23.550917,3,0,1,45
-46.489200,-23.657267,3,0,1,253
-46.643935,-23.598311,3,0,1,275
-46.554388,-23.550833,3,0,1,167
-46.661956,-23.496189,3,0,1,35
-46.549768,-23.516698,3,0,2,165
-46.674857,-23.562451,3,0,1,325
-46.579494,-23.608264,3,0,1,190
-46.506987,-23.687164,3,0,1,14
-46.510040,-23.457538,3,0,1,31
-46.673257,-23.526734,3,0,1,120
-46.674190,-23.582691,3,0,1,73
-46.575194,-23.622060,3,0,1,270
-46.509834,-23.457168,3,0,1,211
-46.602596,-23.683307,3,0,1,226
-46.361379,-23.969031,3,0,1,76
-46.676458,-23.588891,3,0,1,162
-46.851293,-23.718637,3,0,1,105
-46.187363,-23.522608,3,0,1,173
-46.629216,-23.677645,3,0,1,45
-46.551696,-23.701654,3,0,1,354
-46.577786,-23.697764,3,0,1,347
-46.367209,-23.969966,3,0,1,249
-46.571455,-23.658170,3,0,1,169
-46.377471,-23.967560,3,0,1,300
-46.369355,-23.971732,3,0,1,208
-46.506154,-23.698296,3,0,1,174
-46.507141,-23.687018,3,0,1,198
-46.783379,-23.205553,3,0,1,277
-46.566126,-23.711316,3,0,1,259
-46.573733,-23.615355,3,0,1,308
-46.652034,-23.622734,3,0,1,311
-46.612441,-23.684987,3,0,1,258
-46.536927,-23.676742,3,0,1,197
-46.536612,-23.677041,3,0,1,34
-46.550105,-23.713174,3,0,1,326
-46.710290,-23.548645,3,0,1,128
-46.517043,-23.665200,3,0,1,252
-46.551512,-23.619012,3,0,1,326
-46.549921,-23.624940,3,0,1,145
-46.566710,-23.622010,3,0,1,270
-46.554394,-23.618707,3,0,1,146
-46.541830,-23.623576,3,0,1,169
-46.535168,-23.638347,3,0,1,71
-46.524801,-23.648974,3,0,1,305
-46.520731,-23.666258,3,0,1,256
-46.305197,-23.527873,3,0,1,16
-46.305296,-23.527818,3,0,1,199
-46.581820,-23.622124,3,0,1,2
-46.580615,-23.615449,3,0,1,8
-46.567812,-23.671285,3,0,1,197
-46.571477,-23.656011,3,0,1,178
-46.785411,-23.551159,3,0,1,24
-46.196764,-23.523050,3,0,1,86
-46.532267,-23.666562,3,0,1,194
-46.533932,-23.638961,3,0,1,350
-46.545251,-23.609779,3,0,1,328
-46.682842,-23.752660,3,0,1,286
-46.643276,-23.540634,3,0,1,302
-46.189720,-23.523879,3,0,1,3
-46.572179,-23.607179,3,0,1,152
-46.553148,-23.705252,3,0,1,178
-46.553073,-23.695260,3,0,1,164
-46.533964,-23.652266,3,0,1,151
-46.467834,-23.536124,3,0,1,90
-46.520710,-23.666586,3,0,1,331
-46.566078,-23.711432,3,0,1,83
-46.790576,-23.497287,3,0,1,305
-46.404109,-23.708528,3,0,1,48
-46.408854,-23.708455,3,0,1,63
-46.788267,-23.556748,3,0,1,25
-46.540938,-23.624817,3,0,1,338
-46.408583,-23.708072,3,0,1,269
-46.577136,-23.622009,3,0,1,270
-46.511386,-23.652415,3,0,1,103
-46.785351,-23.551053,3,0,1,204
-46.696931,-23.638230,3,0,1,210
-46.590198,-23.699701,3,0,1,201
-46.510954,-23.652133,3,0,1,290
-46.566416,-23.606852,3,0,1,124
-46.552835,-23.712753,3,0,1,174
-46.623897,-23.685363,3,0,1,273
-46.612596,-23.685278,3,0,1,78
-46.517543,-23.665496,3,0,1,71
-46.507437,-23.686692,3,0,1,163
-46.504407,-23.572487,3,0,1,174
-46.453563,-23.596047,3,0,1,261
-46.670883,-23.579605,3,0,1,170
-46.584962,-23.716198,3,0,1,140
-46.584711,-23.716397,3,0,1,320
-46.579592,-23.634061,3,0,1,311
-46.528494,-23.525072,3,0,1,171
-46.596451,-23.564184,3,0,1,314
-46.575267,-23.541627,3,0,1,168
-46.510823,-23.664321,3,0,1,276
-46.397247,-23.703615,3,0,1,5
-46.377709,-23.967574,3,0,1,120
-46.377521,-23.967426,3,0,1,210
-46.377653,-23.967710,3,0,1,32
-46.629101,-23.677482,3,0,1,248
-46.763611,-23.535993,3,0,1,78
-46.633007,-23.532236,3,0,1,106
-46.645302,-23.557838,3,0,1,355
-46.585049,-23.581367,3,0,1,245
-46.762096,-23.617160,3,0,1,243
-46.629830,-23.593104,3,0,1,308
-46.877994,-23.182544,3,0,1,161
-46.877618,-23.182537,3,0,1,346
-46.715804,-23.395795,3,0,1,26
-46.222523,-23.976689,3,0,1,227
-46.640308,-23.577993,3,0,1,249
-46.489756,-23.657454,3,0,1,73
-46.507371,-23.686780,3,0,1,343
-46.783218,-23.633978,3,0,1,92
-46.222539,-23.977140,3,0,1,349
-46.425807,-23.895526,3,0,1,105
-46.788264,-23.556616,3,0,1,205
-46.469530,-23.670135,3,0,1,187
-46.611160,-23.492330,3,0,1,17
-46.380488,-23.969054,3,0,1,73
-46.469270,-23.670479,3,0,1,5
-46.802363,-23.686351,3,0,1,246
-46.314574,-23.539174,3,0,1,110
-46.296733,-23.500731,3,0,1,44
-46.310654,-23.541201,3,0,1,20
-46.310120,-23.547533,3,0,1,182
-46.306150,-23.538635,3,0,1,3
-46.602571,-23.534495,3,0,1,175
-46.520071,-23.652557,3,0,1,107
-46.537165,-23.632531,3,0,1,335
-46.574496,-23.641094,3,0,1,169
-46.537955,-23.631778,3,0,1,155
-46.534407,-23.470269,3,0,1,343
-46.338983,-23.968448,3,0,1,97
-46.338892,-23.968318,3,0,1,278
-46.329800,-23.942983,3,0,1,275
-46.600130,-23.535433,3,0,1,337
-46.753040,-23.500495,3,0,1,80
-46.506964,-23.570905,3,0,1,136
-46.574440,-23.545114,3,0,1,168
-46.600296,-23.556755,3,0,1,184
-46.529389,-23.570181,3,0,1,241
-46.529673,-23.570332,3,0,1,61
-46.645008,-23.573078,3,0,1,156
-46.552597,-23.561823,3,0,2,145
-46.496685,-23.665651,3,0,1,299
-46.498495,-23.665632,3,0,1,123
-46.650519,-23.574261,3,0,1,238
-46.802493,-23.686680,3,0,1,345
-46.619278,-23.625912,3,0,1,164
-46.518841,-23.638210,3,0,1,187
-46.663548,-23.616274,3,0,1,220
-46.644027,-23.568617,3,0,1,176
-46.698310,-23.676484,3,0,1,30
-46.698301,-23.676811,3,0,1,215
-46.697228,-23.638196,3,0,1,123
-46.467301,-23.665227,3,0,1,124
-46.535000,-23.638235,3,0,1,163
-46.535249,-23.637362,3,0,1,160
-46.783062,-23.631306,3,0,1,197
-46.298932,-23.989725,3,0,1,60
-46.299039,-23.989724,3,0,1,350
-46.747191,-23.362652,3,0,1,231
-46.747338,-23.362816,3,0,1,50
-46.206508,-23.546021,3,0,1,129
-46.610354,-23.668599,3,0,1,306
-46.736674,-23.638077,3,0,1,201
-46.773610,-23.633616,3,0,1,51
-46.773490,-23.633614,3,0,1,320
-46.773505,-23.633426,3,0,1,233
-46.427887,-23.706111,3,0,1,99
-46.692680,-23.567946,3,0,1,323
-46.556930,-23.704841,3,0,1,60
-46.603022,-23.658088,3,0,1,33
-46.541062,-23.734543,3,0,1,272
-46.590672,-23.717953,3,0,1,302
-46.591042,-23.718042,3,0,1,125
-46.570495,-23.649540,3,0,1,286
-46.561839,-23.662567,3,0,1,67
-46.561876,-23.662174,3,0,1,240
-46.544004,-23.702017,3,0,1,118
-46.544296,-23.703056,3,0,1,25
-46.543654,-23.701907,3,0,1,293
-46.793787,-23.580703,3,0,1,224
-46.567973,-23.693482,3,0,1,198
-46.573390,-23.717401,3,0,1,3
-46.573637,-23.717184,3,0,1,182
-46.542286,-23.734168,3,0,1,127
-46.555012,-23.703728,3,0,1,228
-46.556444,-23.704572,3,0,1,249
-46.552881,-23.695205,3,0,1,189
-46.575138,-23.727811,3,0,1,226
-46.556079,-23.742103,3,0,1,43
-46.557866,-23.616477,3,0,1,269
-46.668148,-23.563882,3,0,1,135
-46.636366,-23.474399,3,0,1,317
-46.322271,-23.394842,3,0,1,239
-46.224155,-23.539149,3,0,1,63
-46.491436,-23.582319,3,0,1,144
-46.336505,-23.948557,3,0,1,279
-46.336631,-23.948623,3,0,1,6
-46.336827,-23.948401,3,0,1,186
-46.762437,-23.617328,3,0,1,63
-46.636851,-23.473948,2,30,1,138
-46.183914,-23.544726,2,30,1,346
-46.184126,-23.544641,2,30,1,171
-46.581229,-23.570009,2,30,2,175
-46.627962,-23.692508,2,40,1,184
-46.547870,-23.439195,2,40,1,28
-46.547709,-23.120025,2,40,1,0
-46.707047,-23.550910,2,40,1,310
-46.365169,-23.946601,2,40,1,315
-46.590164,-23.699917,2,40,1,21
-46.561595,-23.116584,2,40,1,128
-46.571356,-23.117075,2,40,1,92
-46.571130,-23.116650,2,40,1,271
-46.562459,-23.114647,2,40,1,244
-46.551787,-23.717124,2,40,1,90
-46.536194,-23.718614,2,40,1,20
-46.561195,-23.690478,2,40,1,128
-46.536283,-23.718482,2,40,1,211
-46.545335,-23.685551,2,40,1,11
-46.569035,-23.731155,2,40,1,38
-46.568838,-23.730927,2,40,1,229
-46.627940,-23.692719,2,40,1,21
-46.423296,-23.670304,2,40,1,338
-46.411799,-23.711388,2,40,1,231
-46.624928,-23.502964,2,40,1,179
-46.673423,-23.584261,2,40,1,253
-46.664931,-23.559269,2,40,1,43
-46.657278,-23.548163,2,40,1,116
-46.324756,-23.444590,2,40,1,2
-46.531901,-23.627380,2,40,1,220
-46.532054,-23.627628,2,40,1,40
-46.648163,-23.533958,2,40,1,322
-46.581518,-23.494942,2,40,1,98
-46.581146,-23.494944,2,40,1,273
-46.689011,-23.566985,2,40,1,237
-46.622376,-23.500026,2,40,1,1
-46.755460,-23.406283,2,40,1,213
-46.755510,-23.406553,2,40,1,78
-46.851207,-23.718912,2,40,1,17
-46.752844,-23.500421,2,40,1,277
-46.686384,-23.536275,2,40,1,303
-46.641738,-23.562342,2,40,1,284
-46.667476,-23.506164,2,40,1,279
-46.612761,-23.720389,2,40,1,187
-46.701908,-23.523927,2,40,1,13
-46.635390,-23.544963,2,40,1,219
-46.559492,-23.117478,2,40,1,320
-46.599760,-23.546876,2,40,1,297
-46.727756,-23.521124,2,40,1,87
-46.556959,-23.704732,2,40,1,88
-46.555846,-23.723899,2,40,1,221
-46.568003,-23.693720,2,40,1,18
-46.567854,-23.628076,2,40,1,180
-46.798503,-23.647280,2,40,1,311
-46.881732,-23.198172,2,40,1,184
-46.881852,-23.198285,2,40,1,93
-46.881533,-23.198392,2,40,1,4
-46.607890,-23.539139,2,40,1,261
-46.525692,-23.660797,2,40,1,42
-46.642664,-23.547661,2,40,1,168
-46.353038,-23.481029,2,40,1,232
-46.352934,-23.481091,2,40,1,51
-46.324898,-23.444500,2,40,1,180
-46.353477,-23.481471,2,40,1,52
-46.353456,-23.481335,2,40,1,232
-46.615666,-23.692995,2,40,1,56
-46.566510,-23.613739,2,40,1,291
-46.808403,-23.643865,2,40,1,2
-46.808330,-23.643747,2,40,1,258
-46.808625,-23.643823,2,40,1,77
-46.625112,-23.696928,2,40,1,219
-46.700737,-23.527985,2,40,1,181
-46.762145,-23.612195,2,40,1,53
-46.733980,-23.527735,2,40,1,140
-46.486069,-23.624571,2,50,1,266
-46.626104,-23.531958,2,50,1,154
-46.478260,-23.620278,2,50,1,1
-46.758462,-23.648494,2,50,1,272
-46.625088,-23.534514,2,50,1,10
-46.309063,-23.983962,2,50,1,324
-46.309269,-23.983940,2,50,1,155
-46.467528,-23.540298,2,50,1,133
-46.467375,-23.540246,2,50,1,310
-46.364578,-23.940395,2,50,1,34
-46.364523,-23.940039,2,50,1,200
-46.325341,-23.935288,2,50,1,282
-46.468287,-23.598642,2,50,1,45
-46.599830,-23.582435,2,50,1,183
-46.565517,-23.538547,2,50,1,78
-46.324289,-23.970529,2,50,1,103
-46.652151,-23.608996,2,50,1,339
-46.680607,-23.590373,2,50,1,74
-46.681232,-23.590362,2,50,1,255
-46.470448,-23.543489,2,50,1,79
-46.414013,-23.494680,2,50,1,104
-46.626480,-23.687941,2,50,1,203
-46.386636,-23.962966,2,50,1,99
-46.548448,-23.449031,2,50,1,50
-46.516779,-23.555329,2,50,1,327
-46.317112,-23.960958,2,50,1,127
-46.315952,-23.961574,2,50,1,306
-46.326255,-23.943273,2,50,1,186
-46.326133,-23.943392,2,50,1,276
-46.326447,-23.943492,2,50,1,96
-46.329183,-23.967848,2,50,1,98
-46.356685,-23.931625,2,50,1,214
-46.666006,-23.510278,2,50,1,8
-46.666151,-23.510209,2,50,1,188
-46.732321,-23.543480,2,50,1,225
-46.732279,-23.543625,2,50,1,42
-46.530707,-23.543778,2,50,1,295
-46.530762,-23.543869,2,50,1,295
-46.648954,-23.567523,2,50,1,208
-46.547307,-23.624780,2,50,1,327
-46.374372,-23.940825,2,50,1,124
-46.566797,-23.628209,2,50,1,0
-46.340428,-23.927760,2,50,1,286
-46.340516,-23.927801,2,50,1,106
-46.788588,-23.518227,2,50,1,119
-46.625741,-23.531388,2,50,1,181
-46.746739,-23.640645,2,50,1,10
-46.557923,-23.705568,2,50,1,48
-46.871082,-23.471602,2,50,1,89
-46.685404,-23.499021,2,50,1,31
-46.218973,-23.548021,2,50,1,308
-46.219230,-23.548051,2,50,1,129
-46.770601,-23.665079,2,50,1,207
-46.581631,-23.611525,2,50,1,292
-46.693783,-23.736838,2,50,1,134
-46.737748,-23.670152,2,50,1,70
-46.644901,-23.562200,2,50,1,218
-46.758159,-23.648494,2,50,1,276
-46.662896,-23.555755,2,50,1,49
-46.787953,-23.539984,2,50,1,4
-46.688018,-23.515595,2,50,1,287
-46.508871,-23.453012,2,50,1,95
-46.521161,-23.445641,2,50,1,171
-46.650153,-23.548368,2,50,1,71
-46.712368,-23.604311,2,50,1,3
-46.535741,-23.442365,2,50,1,322
-46.456955,-23.528935,2,50,1,345
-46.835894,-23.515482,2,50,2,28
-46.554621,-23.681361,2,50,1,346
-46.554726,-23.681258,2,50,1,166
-46.698474,-23.676780,2,50,1,142
-46.388603,-23.492787,2,50,1,222
-46.534096,-23.550094,2,50,1,296
-46.534376,-23.550050,2,50,1,116
-46.627350,-23.615575,2,50,1,187
-46.662825,-23.555471,2,50,1,228
-46.707349,-23.524623,2,50,1,78
-46.632304,-23.532524,2,50,1,285
-46.668038,-23.521788,2,50,1,57
-46.667298,-23.519455,2,50,1,8
-46.688010,-23.584665,2,50,1,224
-46.701445,-23.701341,2,50,1,14
-46.758772,-23.650115,2,50,1,52
-46.757359,-23.568477,2,50,1,49
-46.757396,-23.568120,2,50,1,224
-46.663614,-23.584120,2,50,1,6
-46.600964,-23.614205,2,50,1,13
-46.601753,-23.617032,2,50,1,187
-46.704448,-23.572778,2,50,1,61
-46.501284,-23.626080,2,50,1,74
-46.501248,-23.625874,2,50,1,255
-46.846742,-23.000762,2,50,1,328
-46.430123,-23.665947,2,50,1,315
-46.534161,-23.446366,2,50,1,28
-46.560728,-23.519152,2,50,1,328
-46.560920,-23.519125,2,50,1,152
-46.823731,-23.523589,2,50,1,282
-46.471244,-23.502175,2,50,1,202
-46.676471,-23.526053,2,50,1,274
-46.667167,-23.608994,2,50,1,41
-46.628194,-23.541681,2,50,1,21
-46.524629,-23.500020,2,50,1,93
-46.612241,-23.497330,2,50,1,27
-46.660471,-23.601859,2,50,1,41
-46.740954,-23.551820,2,50,1,223
-46.741571,-23.552608,2,50,1,44
-46.780223,-23.634481,2,50,1,66
-46.662022,-23.495911,2,50,1,223
-46.687364,-23.705094,2,50,1,22
-46.687433,-23.704990,2,50,1,222
-46.740380,-23.507564,2,50,1,275
-46.671319,-23.477580,2,50,2,29
-46.670775,-23.509632,2,50,1,184
-46.769348,-23.660033,2,50,1,114
-46.768891,-23.660070,2,50,1,292
-46.672772,-23.591905,2,50,1,188
-46.693781,-23.637137,2,50,1,39
-46.582803,-23.535392,2,50,1,348
-46.582676,-23.535413,2,50,1,348
-46.641660,-23.498245,2,50,1,134
-46.641387,-23.498350,2,50,1,291
-46.583104,-23.535186,2,50,1,168
-46.582984,-23.535167,2,50,1,168
-46.820108,-23.526927,2,50,1,209
-46.630452,-23.524451,2,50,1,305
-46.754095,-23.611533,2,50,1,256
-46.724247,-23.586707,2,50,1,330
-46.691010,-23.544925,2,50,1,7
-46.408001,-23.444619,2,50,1,183
-46.530846,-23.469226,2,50,1,174
-46.422989,-23.902724,2,50,1,13
-46.612364,-23.497057,2,50,1,201
-46.820246,-23.527170,2,50,1,25
-46.363014,-23.937318,2,50,1,16
-46.363072,-23.937110,2,50,1,196
-46.486970,-23.624809,2,50,1,87
-46.425070,-23.876847,2,50,1,140
-46.466789,-23.665439,2,50,1,304
-46.316318,-23.495958,2,50,1,180
-46.517357,-23.452760,2,50,1,232
-46.515772,-23.451433,2,50,1,45
-46.553496,-23.619963,2,50,1,146
-46.553474,-23.669015,2,50,1,189
-46.420044,-23.466361,2,50,1,217
-46.410641,-23.458573,2,50,1,43
-46.553664,-23.669229,2,50,1,80
-46.550805,-23.623703,2,50,1,146
-46.605043,-23.549525,2,50,1,62
-46.629322,-23.540408,2,50,1,312
-46.552398,-23.617731,2,50,1,326
-46.672989,-23.595127,2,50,1,13
-46.445603,-23.573400,2,50,1,338
-46.361081,-23.968805,2,50,1,257
-46.456038,-23.537706,2,50,1,219
-46.640371,-23.578134,2,50,1,330
-46.986154,-23.035922,2,50,1,165
-46.822742,-23.555456,2,50,1,63
-46.682382,-23.624897,2,50,1,221
-46.672139,-23.569348,2,50,1,136
-46.635309,-23.586587,2,50,1,153
-46.546712,-23.466158,2,50,1,174
-46.576293,-23.561934,2,50,1,346
-46.253768,-23.990349,2,50,1,234
-46.258789,-23.991954,2,50,1,150
-46.258577,-23.992076,2,50,1,330
-46.685676,-23.498782,2,50,1,212
-46.676739,-23.526139,2,50,1,98
-46.557075,-23.694783,2,50,1,135
-46.654363,-23.537065,2,50,1,15
-46.740850,-23.522162,2,50,1,12
-46.738810,-23.529372,2,50,1,140
-46.422997,-23.902292,2,50,1,193
-46.334779,-23.942349,2,50,1,180
-46.445856,-23.561560,2,50,1,7
-46.446037,-23.561458,2,50,1,189
-46.714491,-23.583103,2,50,1,65
-46.507105,-23.692703,2,50,1,168
-46.553468,-23.669315,2,50,1,11
-46.628835,-23.625485,2,50,1,14
-46.637944,-23.552560,2,50,1,119
-46.334653,-23.942602,2,50,1,4
-46.427351,-23.706131,2,50,1,275
-46.316260,-23.496041,2,50,1,1
-46.516048,-23.468491,2,50,1,63
-46.595192,-23.515507,2,50,1,182
-46.439372,-23.431864,2,50,1,234
-46.718359,-23.504592,2,50,1,166
-46.627230,-23.685103,2,50,1,95
-46.740056,-23.485665,2,50,1,128
-46.739953,-23.485661,2,50,1,307
-46.439486,-23.697980,2,50,1,289
-46.567351,-23.457473,2,50,1,243
-46.829443,-23.521162,2,50,1,285
-46.700097,-23.674284,2,50,1,323
-46.527105,-23.468625,2,50,1,317
-46.611331,-23.563671,2,50,1,331
-46.682141,-23.526518,2,50,1,314
-46.659491,-23.522860,2,50,1,21
-46.530762,-23.470155,2,50,1,212
-46.584493,-23.516886,2,50,1,125
-46.615275,-23.506564,2,50,1,2
-46.648876,-23.554626,2,50,1,207
-46.748112,-23.558231,2,50,1,129
-46.545663,-23.489609,2,50,1,10
-46.681080,-23.485900,2,50,1,45
-46.681333,-23.485743,2,50,1,225
-46.549694,-23.455875,2,50,1,90
-46.631970,-23.482963,2,50,1,76
-46.537289,-23.447055,2,50,1,61
-46.654003,-23.559051,2,50,1,33
-46.519791,-23.514637,2,50,1,235
-46.494291,-23.458295,2,50,1,256
-46.494398,-23.458762,2,50,1,66
-46.524634,-23.466573,2,50,1,50
-46.650813,-23.523129,2,50,1,88
-46.650402,-23.523230,2,50,1,332
-46.625244,-23.515226,2,50,1,182
-46.661955,-23.534144,2,50,1,24
-46.630561,-23.503880,2,50,1,274
-46.615375,-23.506485,2,50,1,178
-46.407980,-23.444902,2,50,1,3
-46.420331,-23.466821,2,50,1,38
-46.594971,-23.515787,2,50,1,2
-46.625007,-23.515312,2,50,1,2
-46.563844,-23.458880,2,50,1,55
-46.546430,-23.466617,2,50,1,336
-46.723692,-23.519379,2,50,1,126
-46.723287,-23.519480,2,50,1,295
-46.705542,-23.511255,2,50,1,175
-46.626622,-23.688145,2,50,1,48
-46.632880,-23.684165,2,50,1,298
-46.690465,-23.565197,2,50,1,148
-46.535107,-23.466155,2,50,1,214
-46.392978,-23.442962,2,50,1,255
-46.410540,-23.458392,2,50,1,213
-46.705369,-23.511265,2,50,1,356
-46.694756,-23.515234,2,50,1,269
-46.440380,-23.697766,2,50,1,108
-46.722438,-23.537078,2,50,1,279
-46.722466,-23.537210,2,50,1,99
-46.673387,-23.479886,2,50,1,17
-46.600212,-23.685786,2,50,1,24
-46.531418,-23.465241,2,50,1,176
-46.526946,-23.463165,2,50,1,238
-46.685418,-23.579959,2,50,1,156
-46.695505,-23.735250,2,50,1,315
-46.681251,-23.590700,2,50,1,344
-46.692871,-23.567996,2,50,1,140
-46.454149,-23.666168,2,50,1,83
-46.447032,-23.665311,2,50,1,108
-46.427189,-23.667773,2,50,1,296
-46.552027,-23.504104,2,50,1,340
-46.654150,-23.558925,2,50,1,215
-46.625838,-23.689028,2,50,1,45
-46.456197,-23.538066,2,50,1,37
-46.435384,-23.524946,2,50,1,247
-46.435473,-23.525213,2,50,1,68
-46.602492,-23.547917,2,50,1,240
-46.463160,-23.667718,2,50,1,303
-46.668500,-23.574900,2,50,1,230
-46.458436,-23.415753,2,50,1,295
-46.351541,-23.968225,2,50,1,260
-46.482929,-23.663987,2,60,1,85
-46.478450,-23.663447,2,60,1,265
-46.527244,-23.463187,2,60,1,164
-46.526983,-23.463479,2,60,1,344
-46.787909,-23.200820,2,60,1,329
-46.493120,-23.651620,2,60,1,225
-46.539708,-23.441932,2,60,1,296
-46.525807,-23.472497,2,60,1,275
-46.468313,-23.464508,2,60,1,150
-46.467902,-23.464609,2,60,1,330
-46.454422,-23.679292,2,60,1,185
-46.452124,-23.687718,2,60,1,147
-46.470002,-23.662352,2,60,1,126
-46.372642,-23.485580,2,60,1,90
-46.788764,-23.506290,2,60,1,199
-46.788672,-23.506422,2,60,1,15
-46.403358,-23.708632,2,60,1,247
-46.761130,-23.547775,2,60,1,136
-46.287012,-23.541808,2,60,1,86
-46.769485,-23.540127,2,60,1,90
-46.769298,-23.539999,2,60,1,270
-46.547175,-23.684437,2,60,1,218
-46.802780,-23.524876,2,60,1,298
-46.981716,-23.026593,2,60,1,342
-46.508197,-23.653334,2,60,1,294
-46.982516,-23.024301,2,60,1,342
-46.552734,-23.608565,2,60,1,35
-46.525815,-23.648807,2,60,1,135
-46.542202,-23.645317,2,60,1,51
-46.542076,-23.644975,2,60,1,231
-46.224594,-23.537667,2,60,1,244
-46.547108,-23.684679,2,60,1,19
-46.577138,-23.600752,2,60,1,120
-46.617305,-23.685386,2,60,1,80
-46.783294,-23.561909,2,60,1,191
-46.568108,-23.616444,2,60,1,91
-46.488829,-23.647014,2,60,1,180
-46.247110,-23.988195,2,60,1,247
-46.247193,-23.988440,2,60,1,57
-46.274493,-23.975232,2,60,1,323
-46.291448,-23.540535,2,60,1,292
-46.765947,-23.542402,2,60,1,128
-46.765848,-23.542347,2,60,1,310
-46.231537,-23.540966,2,60,1,62
-46.349793,-23.501633,2,60,1,316
-46.835316,-23.552654,2,60,1,186
-46.835275,-23.552740,2,60,1,8
-46.465618,-23.468708,2,60,1,1
-46.286834,-23.541697,2,60,1,266
-46.520543,-23.469392,2,60,1,136
-46.520158,-23.469546,2,60,1,316
-46.523755,-23.466968,2,60,1,312
-46.524011,-23.466921,2,60,1,133
-46.243738,-23.986632,2,60,1,226
-46.982073,-23.026216,2,60,1,162
-46.556836,-23.616633,2,60,1,90
-46.317103,-23.941147,2,60,1,7
-46.317197,-23.941064,2,60,1,187
-46.801838,-23.531809,2,60,1,264
-46.799892,-23.558293,2,60,1,326
-46.172755,-23.508005,2,60,1,57
-46.172792,-23.507950,2,60,1,237
-46.788389,-23.505662,2,60,1,20
-46.484256,-23.626895,2,60,1,17
-46.788194,-23.504012,2,60,1,257
-46.472074,-23.458522,2,60,1,150
-46.914918,-23.444131,2,60,1,105
-46.871136,-23.471366,2,60,1,148
-46.870654,-23.471465,2,60,1,327
-46.870860,-23.471121,2,60,1,204
-46.789600,-23.531503,2,60,1,308
-46.898448,-23.181697,2,60,1,316
-46.898803,-23.181598,2,60,1,141
-46.865927,-23.217594,2,60,1,74
-46.874522,-23.211499,2,60,1,340
-46.863070,-23.207351,2,60,1,282
-46.237536,-23.983704,2,60,1,67
-46.901307,-23.190847,2,60,1,265
-46.811850,-23.524584,2,60,1,87
-46.581537,-23.672577,2,60,1,94
-46.772858,-23.533451,2,60,1,358
-46.592735,-23.678828,2,60,1,55
-46.788187,-23.514358,2,60,1,1
-46.788451,-23.514305,2,60,1,181
-46.775036,-23.547464,2,60,1,255
-46.448719,-23.692399,2,60,1,330
-46.448925,-23.692198,2,60,1,149
-46.291829,-23.540496,2,60,1,112
-46.979570,-23.033433,2,60,1,162
-46.564854,-23.527173,2,60,1,77
-46.273282,-23.976798,2,60,1,144
